* DMS Fastgraph population variation export
* Rig: B&K 5128
* Dataset: ARI + AXD/SONICOM + SoundSphere2
* Measurement Type: blocked-ear-canal in-ear HRTF SOFA data
* Population Units: 749 listeners, one bilateral diffuse-field curve per listener
* Database Counts: ARI=263; AXD/SONICOM=408; SoundSphere2=78
* Weighting: equal listener weighting; all available directions and both receivers averaged per listener
* EQ Applied: No
* Channel Side: bilateral
* Export Type: Variation Band
* Export Date: 2026-07-29 14:48:15
* Compensated: Yes
* HRTF Files: 5128 canal approximation.txt; 5128 DF.txt
* Canal Correction: above 1 kHz, blocked-canal response + 5128 canal transfer function; below 1 kHz, smoothly transitioned to aligned 5128 DF line; 16-20 kHz high-frequency slope blended toward aligned 5128 DF
* Listener Normalization: 0 dB at 1 kHz before canal correction
* Variation Sweeps: 749 listener curves
* Smoothing: 1/48 octave
* Percentiles: p10/p25/median/p75/p90 across listeners
* Normalization: Fastgraph 1 kHz normalization above transition; DF line aligned to the 1 kHz median
* Points: log-spaced
*
* Low-Frequency Reference: 5128 DF.txt
* DF Transition: smooth log-frequency blend; original VAR at 1 kHz, single DF line at 500 Hz and below
* DF Alignment: DF curve offset to match the original population median at 1 kHz
* High-Frequency Treatment: smooth 16-17 kHz handoff, then 5128 DF slope through 20 kHz
* High-Frequency Alignment: DF curve aligned to the measured median at 16 kHz; 16 kHz percentile offsets held through 20 kHz
* Frequency(Hz)	P10(dB)	P25(dB)	Median(dB)	P75(dB)	P90(dB)
20.0000	-2.162551	-2.162551	-2.162551	-2.162551	-2.162551
20.1156	-2.162551	-2.162551	-2.162551	-2.162551	-2.162551
20.2318	-2.162551	-2.162551	-2.162551	-2.162551	-2.162551
20.3487	-2.162551	-2.162551	-2.162551	-2.162551	-2.162551
20.4663	-2.162551	-2.162551	-2.162551	-2.162551	-2.162551
20.5845	-2.162551	-2.162551	-2.162551	-2.162551	-2.162551
20.7034	-2.162551	-2.162551	-2.162551	-2.162551	-2.162551
20.8231	-2.162551	-2.162551	-2.162551	-2.162551	-2.162551
20.9434	-2.162551	-2.162551	-2.162551	-2.162551	-2.162551
21.0644	-2.162551	-2.162551	-2.162551	-2.162551	-2.162551
21.1861	-2.162551	-2.162551	-2.162551	-2.162551	-2.162551
21.3085	-2.162551	-2.162551	-2.162551	-2.162551	-2.162551
21.4316	-2.162551	-2.162551	-2.162551	-2.162551	-2.162551
21.5555	-2.162551	-2.162551	-2.162551	-2.162551	-2.162551
21.6800	-2.162551	-2.162551	-2.162551	-2.162551	-2.162551
21.8053	-2.162551	-2.162551	-2.162551	-2.162551	-2.162551
21.9312	-2.162551	-2.162551	-2.162551	-2.162551	-2.162551
22.0580	-2.162551	-2.162551	-2.162551	-2.162551	-2.162551
22.1854	-2.162551	-2.162551	-2.162551	-2.162551	-2.162551
22.3136	-2.162551	-2.162551	-2.162551	-2.162551	-2.162551
22.4425	-2.162551	-2.162551	-2.162551	-2.162551	-2.162551
22.5722	-2.162551	-2.162551	-2.162551	-2.162551	-2.162551
22.7026	-2.162551	-2.162551	-2.162551	-2.162551	-2.162551
22.8338	-2.162551	-2.162551	-2.162551	-2.162551	-2.162551
22.9657	-2.162551	-2.162551	-2.162551	-2.162551	-2.162551
23.0984	-2.162551	-2.162551	-2.162551	-2.162551	-2.162551
23.2319	-2.162551	-2.162551	-2.162551	-2.162551	-2.162551
23.3661	-2.162551	-2.162551	-2.162551	-2.162551	-2.162551
23.5011	-2.162551	-2.162551	-2.162551	-2.162551	-2.162551
23.6369	-2.162551	-2.162551	-2.162551	-2.162551	-2.162551
23.7735	-2.162551	-2.162551	-2.162551	-2.162551	-2.162551
23.9108	-2.162551	-2.162551	-2.162551	-2.162551	-2.162551
24.0490	-2.162551	-2.162551	-2.162551	-2.162551	-2.162551
24.1879	-2.162551	-2.162551	-2.162551	-2.162551	-2.162551
24.3277	-2.162551	-2.162551	-2.162551	-2.162551	-2.162551
24.4683	-2.162551	-2.162551	-2.162551	-2.162551	-2.162551
24.6096	-2.161826	-2.161826	-2.161826	-2.161826	-2.161826
24.7518	-2.161551	-2.161551	-2.161551	-2.161551	-2.161551
24.8948	-2.161551	-2.161551	-2.161551	-2.161551	-2.161551
25.0387	-2.161551	-2.161551	-2.161551	-2.161551	-2.161551
25.1833	-2.161551	-2.161551	-2.161551	-2.161551	-2.161551
25.3289	-2.161551	-2.161551	-2.161551	-2.161551	-2.161551
25.4752	-2.161039	-2.161039	-2.161039	-2.161039	-2.161039
25.6224	-2.160551	-2.160551	-2.160551	-2.160551	-2.160551
25.7704	-2.160551	-2.160551	-2.160551	-2.160551	-2.160551
25.9193	-2.160551	-2.160551	-2.160551	-2.160551	-2.160551
26.0691	-2.160551	-2.160551	-2.160551	-2.160551	-2.160551
26.2197	-2.160049	-2.160049	-2.160049	-2.160049	-2.160049
26.3712	-2.159551	-2.159551	-2.159551	-2.159551	-2.159551
26.5236	-2.159551	-2.159551	-2.159551	-2.159551	-2.159551
26.6768	-2.159551	-2.159551	-2.159551	-2.159551	-2.159551
26.8310	-2.159551	-2.159551	-2.159551	-2.159551	-2.159551
26.9860	-2.159059	-2.159059	-2.159059	-2.159059	-2.159059
27.1419	-2.158551	-2.158551	-2.158551	-2.158551	-2.158551
27.2987	-2.158551	-2.158551	-2.158551	-2.158551	-2.158551
27.4565	-2.158551	-2.158551	-2.158551	-2.158551	-2.158551
27.6151	-2.157867	-2.157867	-2.157867	-2.157867	-2.157867
27.7747	-2.157551	-2.157551	-2.157551	-2.157551	-2.157551
27.9351	-2.157551	-2.157551	-2.157551	-2.157551	-2.157551
28.0966	-2.157551	-2.157551	-2.157551	-2.157551	-2.157551
28.2589	-2.157551	-2.157551	-2.157551	-2.157551	-2.157551
28.4222	-2.156878	-2.156878	-2.156878	-2.156878	-2.156878
28.5864	-2.156551	-2.156551	-2.156551	-2.156551	-2.156551
28.7516	-2.156551	-2.156551	-2.156551	-2.156551	-2.156551
28.9177	-2.156483	-2.156483	-2.156483	-2.156483	-2.156483
29.0848	-2.155686	-2.155686	-2.155686	-2.155686	-2.155686
29.2528	-2.155551	-2.155551	-2.155551	-2.155551	-2.155551
29.4218	-2.155551	-2.155551	-2.155551	-2.155551	-2.155551
29.5918	-2.155551	-2.155551	-2.155551	-2.155551	-2.155551
29.7628	-2.155494	-2.155494	-2.155494	-2.155494	-2.155494
29.9348	-2.154696	-2.154696	-2.154696	-2.154696	-2.154696
30.1077	-2.154551	-2.154551	-2.154551	-2.154551	-2.154551
30.2817	-2.154551	-2.154551	-2.154551	-2.154551	-2.154551
30.4567	-2.154302	-2.154302	-2.154302	-2.154302	-2.154302
30.6326	-2.153551	-2.153551	-2.153551	-2.153551	-2.153551
30.8096	-2.153551	-2.153551	-2.153551	-2.153551	-2.153551
30.9876	-2.153551	-2.153551	-2.153551	-2.153551	-2.153551
31.1667	-2.153111	-2.153111	-2.153111	-2.153111	-2.153111
31.3468	-2.152551	-2.152551	-2.152551	-2.152551	-2.152551
31.5279	-2.152551	-2.152551	-2.152551	-2.152551	-2.152551
31.7100	-2.152551	-2.152551	-2.152551	-2.152551	-2.152551
31.8933	-2.151919	-2.151919	-2.151919	-2.151919	-2.151919
32.0775	-2.151551	-2.151551	-2.151551	-2.151551	-2.151551
32.2629	-2.151551	-2.151551	-2.151551	-2.151551	-2.151551
32.4493	-2.151525	-2.151525	-2.151525	-2.151525	-2.151525
32.6368	-2.150727	-2.150727	-2.150727	-2.150727	-2.150727
32.8253	-2.150551	-2.150551	-2.150551	-2.150551	-2.150551
33.0150	-2.150551	-2.150551	-2.150551	-2.150551	-2.150551
33.2058	-2.150333	-2.150333	-2.150333	-2.150333	-2.150333
33.3976	-2.149551	-2.149551	-2.149551	-2.149551	-2.149551
33.5906	-2.149551	-2.149551	-2.149551	-2.149551	-2.149551
33.7847	-2.148940	-2.148940	-2.148940	-2.148940	-2.148940
33.9799	-2.148551	-2.148551	-2.148551	-2.148551	-2.148551
34.1762	-2.148551	-2.148551	-2.148551	-2.148551	-2.148551
34.3737	-2.148545	-2.148545	-2.148545	-2.148545	-2.148545
34.5723	-2.147748	-2.147748	-2.147748	-2.147748	-2.147748
34.7720	-2.147551	-2.147551	-2.147551	-2.147551	-2.147551
34.9729	-2.147551	-2.147551	-2.147551	-2.147551	-2.147551
35.1750	-2.147354	-2.147354	-2.147354	-2.147354	-2.147354
35.3783	-2.146556	-2.146556	-2.146556	-2.146556	-2.146556
35.5827	-2.146551	-2.146551	-2.146551	-2.146551	-2.146551
35.7883	-2.145961	-2.145961	-2.145961	-2.145961	-2.145961
35.9950	-2.145551	-2.145551	-2.145551	-2.145551	-2.145551
36.2030	-2.145551	-2.145551	-2.145551	-2.145551	-2.145551
36.4122	-2.145551	-2.145551	-2.145551	-2.145551	-2.145551
36.6226	-2.144769	-2.144769	-2.144769	-2.144769	-2.144769
36.8342	-2.144551	-2.144551	-2.144551	-2.144551	-2.144551
37.0470	-2.144173	-2.144173	-2.144173	-2.144173	-2.144173
37.2611	-2.143551	-2.143551	-2.143551	-2.143551	-2.143551
37.4763	-2.143551	-2.143551	-2.143551	-2.143551	-2.143551
37.6929	-2.143551	-2.143551	-2.143551	-2.143551	-2.143551
37.9107	-2.142981	-2.142981	-2.142981	-2.142981	-2.142981
38.1297	-2.142551	-2.142551	-2.142551	-2.142551	-2.142551
38.3500	-2.142385	-2.142385	-2.142385	-2.142385	-2.142385
38.5716	-2.141587	-2.141587	-2.141587	-2.141587	-2.141587
38.7945	-2.141551	-2.141551	-2.141551	-2.141551	-2.141551
39.0186	-2.141551	-2.141551	-2.141551	-2.141551	-2.141551
39.2441	-2.141194	-2.141194	-2.141194	-2.141194	-2.141194
39.4708	-2.140551	-2.140551	-2.140551	-2.140551	-2.140551
39.6989	-2.140551	-2.140551	-2.140551	-2.140551	-2.140551
39.9282	-2.139800	-2.139800	-2.139800	-2.139800	-2.139800
40.1589	-2.139551	-2.139551	-2.139551	-2.139551	-2.139551
40.3910	-2.139204	-2.139204	-2.139204	-2.139204	-2.139204
40.6244	-2.138551	-2.138551	-2.138551	-2.138551	-2.138551
40.8591	-2.138551	-2.138551	-2.138551	-2.138551	-2.138551
41.0952	-2.137810	-2.137810	-2.137810	-2.137810	-2.137810
41.3326	-2.137551	-2.137551	-2.137551	-2.137551	-2.137551
41.5714	-2.137551	-2.137551	-2.137551	-2.137551	-2.137551
41.8116	-2.137416	-2.137416	-2.137416	-2.137416	-2.137416
42.0532	-2.136618	-2.136618	-2.136618	-2.136618	-2.136618
42.2962	-2.136551	-2.136551	-2.136551	-2.136551	-2.136551
42.5406	-2.136023	-2.136023	-2.136023	-2.136023	-2.136023
42.7863	-2.135551	-2.135551	-2.135551	-2.135551	-2.135551
43.0336	-2.135426	-2.135426	-2.135426	-2.135426	-2.135426
43.2822	-2.134629	-2.134629	-2.134629	-2.134629	-2.134629
43.5323	-2.134551	-2.134551	-2.134551	-2.134551	-2.134551
43.7838	-2.134033	-2.134033	-2.134033	-2.134033	-2.134033
44.0368	-2.133551	-2.133551	-2.133551	-2.133551	-2.133551
44.2912	-2.133437	-2.133437	-2.133437	-2.133437	-2.133437
44.5471	-2.132639	-2.132639	-2.132639	-2.132639	-2.132639
44.8045	-2.132551	-2.132551	-2.132551	-2.132551	-2.132551
45.0634	-2.132044	-2.132044	-2.132044	-2.132044	-2.132044
45.3238	-2.131551	-2.131551	-2.131551	-2.131551	-2.131551
45.5857	-2.131447	-2.131447	-2.131447	-2.131447	-2.131447
45.8490	-2.130649	-2.130649	-2.130649	-2.130649	-2.130649
46.1140	-2.130551	-2.130551	-2.130551	-2.130551	-2.130551
46.3804	-2.130054	-2.130054	-2.130054	-2.130054	-2.130054
46.6484	-2.129551	-2.129551	-2.129551	-2.129551	-2.129551
46.9179	-2.129551	-2.129551	-2.129551	-2.129551	-2.129551
47.1890	-2.129551	-2.129551	-2.129551	-2.129551	-2.129551
47.4616	-2.128862	-2.128862	-2.128862	-2.128862	-2.128862
47.7359	-2.128551	-2.128551	-2.128551	-2.128551	-2.128551
48.0117	-2.128266	-2.128266	-2.128266	-2.128266	-2.128266
48.2891	-2.127551	-2.127551	-2.127551	-2.127551	-2.127551
48.5681	-2.127551	-2.127551	-2.127551	-2.127551	-2.127551
48.8487	-2.126873	-2.126873	-2.126873	-2.126873	-2.126873
49.1310	-2.126551	-2.126551	-2.126551	-2.126551	-2.126551
49.4148	-2.126277	-2.126277	-2.126277	-2.126277	-2.126277
49.7003	-2.125551	-2.125551	-2.125551	-2.125551	-2.125551
49.9875	-2.125551	-2.125551	-2.125551	-2.125551	-2.125551
50.2763	-2.124883	-2.124883	-2.124883	-2.124883	-2.124883
50.5668	-2.124551	-2.124551	-2.124551	-2.124551	-2.124551
50.8590	-2.124287	-2.124287	-2.124287	-2.124287	-2.124287
51.1529	-2.123551	-2.123551	-2.123551	-2.123551	-2.123551
51.4484	-2.123551	-2.123551	-2.123551	-2.123551	-2.123551
51.7457	-2.122893	-2.122893	-2.122893	-2.122893	-2.122893
52.0447	-2.122551	-2.122551	-2.122551	-2.122551	-2.122551
52.3454	-2.122297	-2.122297	-2.122297	-2.122297	-2.122297
52.6478	-2.121551	-2.121551	-2.121551	-2.121551	-2.121551
52.9520	-2.121551	-2.121551	-2.121551	-2.121551	-2.121551
53.2580	-2.120904	-2.120904	-2.120904	-2.120904	-2.120904
53.5657	-2.120551	-2.120551	-2.120551	-2.120551	-2.120551
53.8752	-2.120308	-2.120308	-2.120308	-2.120308	-2.120308
54.1865	-2.119509	-2.119509	-2.119509	-2.119509	-2.119509
54.4995	-2.118712	-2.118712	-2.118712	-2.118712	-2.118712
54.8144	-2.118551	-2.118551	-2.118551	-2.118551	-2.118551
55.1311	-2.118116	-2.118116	-2.118116	-2.118116	-2.118116
55.4497	-2.117551	-2.117551	-2.117551	-2.117551	-2.117551
55.7701	-2.117519	-2.117519	-2.117519	-2.117519	-2.117519
56.0923	-2.116722	-2.116722	-2.116722	-2.116722	-2.116722
56.4164	-2.116551	-2.116551	-2.116551	-2.116551	-2.116551
56.7424	-2.116126	-2.116126	-2.116126	-2.116126	-2.116126
57.0702	-2.115551	-2.115551	-2.115551	-2.115551	-2.115551
57.4000	-2.115530	-2.115530	-2.115530	-2.115530	-2.115530
57.7316	-2.114732	-2.114732	-2.114732	-2.114732	-2.114732
58.0652	-2.114551	-2.114551	-2.114551	-2.114551	-2.114551
58.4007	-2.114137	-2.114137	-2.114137	-2.114137	-2.114137
58.7381	-2.113339	-2.113339	-2.113339	-2.113339	-2.113339
59.0775	-2.112551	-2.112551	-2.112551	-2.112551	-2.112551
59.4188	-2.112551	-2.112551	-2.112551	-2.112551	-2.112551
59.7621	-2.111945	-2.111945	-2.111945	-2.111945	-2.111945
60.1074	-2.111551	-2.111551	-2.111551	-2.111551	-2.111551
60.4547	-2.111349	-2.111349	-2.111349	-2.111349	-2.111349
60.8040	-2.110551	-2.110551	-2.110551	-2.110551	-2.110551
61.1554	-2.109753	-2.109753	-2.109753	-2.109753	-2.109753
61.5087	-2.109551	-2.109551	-2.109551	-2.109551	-2.109551
61.8641	-2.109158	-2.109158	-2.109158	-2.109158	-2.109158
62.2215	-2.108359	-2.108359	-2.108359	-2.108359	-2.108359
62.5810	-2.107561	-2.107561	-2.107561	-2.107561	-2.107561
62.9426	-2.107551	-2.107551	-2.107551	-2.107551	-2.107551
63.3063	-2.106966	-2.106966	-2.106966	-2.106966	-2.106966
63.6721	-2.106168	-2.106168	-2.106168	-2.106168	-2.106168
64.0400	-2.105551	-2.105551	-2.105551	-2.105551	-2.105551
64.4100	-2.105551	-2.105551	-2.105551	-2.105551	-2.105551
64.7821	-2.104774	-2.104774	-2.104774	-2.104774	-2.104774
65.1565	-2.103976	-2.103976	-2.103976	-2.103976	-2.103976
65.5329	-2.103551	-2.103551	-2.103551	-2.103551	-2.103551
65.9116	-2.103380	-2.103380	-2.103380	-2.103380	-2.103380
66.2924	-2.102582	-2.102582	-2.102582	-2.102582	-2.102582
66.6754	-2.101784	-2.101784	-2.101784	-2.101784	-2.101784
67.0607	-2.101551	-2.101551	-2.101551	-2.101551	-2.101551
67.4481	-2.101189	-2.101189	-2.101189	-2.101189	-2.101189
67.8378	-2.100390	-2.100390	-2.100390	-2.100390	-2.100390
68.2298	-2.099592	-2.099592	-2.099592	-2.099592	-2.099592
68.6240	-2.098795	-2.098795	-2.098795	-2.098795	-2.098795
69.0205	-2.098551	-2.098551	-2.098551	-2.098551	-2.098551
69.4193	-2.098199	-2.098199	-2.098199	-2.098199	-2.098199
69.8204	-2.097401	-2.097401	-2.097401	-2.097401	-2.097401
70.2238	-2.096603	-2.096603	-2.096603	-2.096603	-2.096603
70.6296	-2.095805	-2.095805	-2.095805	-2.095805	-2.095805
71.0377	-2.095007	-2.095007	-2.095007	-2.095007	-2.095007
71.4481	-2.094551	-2.094551	-2.094551	-2.094551	-2.094551
71.8609	-2.094411	-2.094411	-2.094411	-2.094411	-2.094411
72.2761	-2.093613	-2.093613	-2.093613	-2.093613	-2.093613
72.6937	-2.092816	-2.092816	-2.092816	-2.092816	-2.092816
73.1138	-2.092018	-2.092018	-2.092018	-2.092018	-2.092018
73.5362	-2.091220	-2.091220	-2.091220	-2.091220	-2.091220
73.9611	-2.090421	-2.090421	-2.090421	-2.090421	-2.090421
74.3884	-2.089623	-2.089623	-2.089623	-2.089623	-2.089623
74.8182	-2.088826	-2.088826	-2.088826	-2.088826	-2.088826
75.2505	-2.088551	-2.088551	-2.088551	-2.088551	-2.088551
75.6853	-2.088230	-2.088230	-2.088230	-2.088230	-2.088230
76.1226	-2.087432	-2.087432	-2.087432	-2.087432	-2.087432
76.5624	-2.086634	-2.086634	-2.086634	-2.086634	-2.086634
77.0048	-2.085836	-2.085836	-2.085836	-2.085836	-2.085836
77.4497	-2.085039	-2.085039	-2.085039	-2.085039	-2.085039
77.8972	-2.084241	-2.084241	-2.084241	-2.084241	-2.084241
78.3473	-2.083442	-2.083442	-2.083442	-2.083442	-2.083442
78.8000	-2.082644	-2.082644	-2.082644	-2.082644	-2.082644
79.2553	-2.081847	-2.081847	-2.081847	-2.081847	-2.081847
79.7132	-2.080547	-2.080547	-2.080547	-2.080547	-2.080547
80.1738	-2.079251	-2.079251	-2.079251	-2.079251	-2.079251
80.6370	-2.078452	-2.078452	-2.078452	-2.078452	-2.078452
81.1030	-2.077654	-2.077654	-2.077654	-2.077654	-2.077654
81.5716	-2.076857	-2.076857	-2.076857	-2.076857	-2.076857
82.0429	-2.076059	-2.076059	-2.076059	-2.076059	-2.076059
82.5169	-2.075261	-2.075261	-2.075261	-2.075261	-2.075261
82.9937	-2.074375	-2.074375	-2.074375	-2.074375	-2.074375
83.4732	-2.072779	-2.072779	-2.072779	-2.072779	-2.072779
83.9555	-2.071867	-2.071867	-2.071867	-2.071867	-2.071867
84.4406	-2.071070	-2.071070	-2.071070	-2.071070	-2.071070
84.9285	-2.069992	-2.069992	-2.069992	-2.069992	-2.069992
85.4192	-2.068473	-2.068473	-2.068473	-2.068473	-2.068473
85.9127	-2.067675	-2.067675	-2.067675	-2.067675	-2.067675
86.4091	-2.066878	-2.066878	-2.066878	-2.066878	-2.066878
86.9084	-2.065609	-2.065609	-2.065609	-2.065609	-2.065609
87.4105	-2.064282	-2.064282	-2.064282	-2.064282	-2.064282
87.9156	-2.063416	-2.063416	-2.063416	-2.063416	-2.063416
88.4235	-2.061821	-2.061821	-2.061821	-2.061821	-2.061821
88.9345	-2.060888	-2.060888	-2.060888	-2.060888	-2.060888
89.4483	-2.059630	-2.059630	-2.059630	-2.059630	-2.059630
89.9651	-2.058034	-2.058034	-2.058034	-2.058034	-2.058034
90.4849	-2.056494	-2.056494	-2.056494	-2.056494	-2.056494
91.0077	-2.055696	-2.055696	-2.055696	-2.055696	-2.055696
91.5336	-2.054246	-2.054246	-2.054246	-2.054246	-2.054246
92.0625	-2.052651	-2.052651	-2.052651	-2.052651	-2.052651
92.5944	-2.051302	-2.051302	-2.051302	-2.051302	-2.051302
93.1294	-2.050457	-2.050457	-2.050457	-2.050457	-2.050457
93.6675	-2.048862	-2.048862	-2.048862	-2.048862	-2.048862
94.2087	-2.047267	-2.047267	-2.047267	-2.047267	-2.047267
94.7530	-2.046111	-2.046111	-2.046111	-2.046111	-2.046111
95.3005	-2.045075	-2.045075	-2.045075	-2.045075	-2.045075
95.8511	-2.043478	-2.043478	-2.043478	-2.043478	-2.043478
96.4049	-2.041883	-2.041883	-2.041883	-2.041883	-2.041883
96.9619	-2.040919	-2.040919	-2.040919	-2.040919	-2.040919
97.5222	-2.039692	-2.039692	-2.039692	-2.039692	-2.039692
98.0857	-2.038096	-2.038096	-2.038096	-2.038096	-2.038096
98.6524	-2.036499	-2.036499	-2.036499	-2.036499	-2.036499
99.2224	-2.034904	-2.034904	-2.034904	-2.034904	-2.034904
99.7957	-2.033930	-2.033930	-2.033930	-2.033930	-2.033930
100.3723	-2.032713	-2.032713	-2.032713	-2.032713	-2.032713
100.9522	-2.031117	-2.031117	-2.031117	-2.031117	-2.031117
101.5355	-2.029535	-2.029535	-2.029535	-2.029535	-2.029535
102.1222	-2.028738	-2.028738	-2.028738	-2.028738	-2.028738
102.7122	-2.027329	-2.027329	-2.027329	-2.027329	-2.027329
103.3057	-2.026142	-2.026142	-2.026142	-2.026142	-2.026142
103.9026	-2.025137	-2.025137	-2.025137	-2.025137	-2.025137
104.5029	-2.023540	-2.023540	-2.023540	-2.023540	-2.023540
105.1067	-2.021945	-2.021945	-2.021945	-2.021945	-2.021945
105.7140	-2.020950	-2.020950	-2.020950	-2.020950	-2.020950
106.3248	-2.019754	-2.019754	-2.019754	-2.019754	-2.019754
106.9392	-2.018354	-2.018354	-2.018354	-2.018354	-2.018354
107.5570	-2.017556	-2.017556	-2.017556	-2.017556	-2.017556
108.1785	-2.015966	-2.015966	-2.015966	-2.015966	-2.015966
108.8035	-2.014961	-2.014961	-2.014961	-2.014961	-2.014961
109.4322	-2.013775	-2.013775	-2.013775	-2.013775	-2.013775
110.0645	-2.012365	-2.012365	-2.012365	-2.012365	-2.012365
110.7004	-2.011566	-2.011566	-2.011566	-2.011566	-2.011566
111.3400	-2.009987	-2.009987	-2.009987	-2.009987	-2.009987
111.9833	-2.008971	-2.008971	-2.008971	-2.008971	-2.008971
112.6304	-2.007796	-2.007796	-2.007796	-2.007796	-2.007796
113.2811	-2.006375	-2.006375	-2.006375	-2.006375	-2.006375
113.9357	-2.005576	-2.005576	-2.005576	-2.005576	-2.005576
114.5940	-2.004008	-2.004008	-2.004008	-2.004008	-2.004008
115.2561	-2.002981	-2.002981	-2.002981	-2.002981	-2.002981
115.9220	-2.001816	-2.001816	-2.001816	-2.001816	-2.001816
116.5918	-2.000220	-2.000220	-2.000220	-2.000220	-2.000220
117.2655	-1.998623	-1.998623	-1.998623	-1.998623	-1.998623
117.9430	-1.997790	-1.997790	-1.997790	-1.997790	-1.997790
118.6245	-1.996433	-1.996433	-1.996433	-1.996433	-1.996433
119.3099	-1.994837	-1.994837	-1.994837	-1.994837	-1.994837
119.9992	-1.993241	-1.993241	-1.993241	-1.993241	-1.993241
120.6926	-1.991644	-1.991644	-1.991644	-1.991644	-1.991644
121.3899	-1.990049	-1.990049	-1.990049	-1.990049	-1.990049
122.0913	-1.988454	-1.988454	-1.988454	-1.988454	-1.988454
122.7967	-1.986858	-1.986858	-1.986858	-1.986858	-1.986858
123.5062	-1.985261	-1.985261	-1.985261	-1.985261	-1.985261
124.2198	-1.983665	-1.983665	-1.983665	-1.983665	-1.983665
124.9376	-1.981330	-1.981330	-1.981330	-1.981330	-1.981330
125.6594	-1.979475	-1.979475	-1.979475	-1.979475	-1.979475
126.3855	-1.977542	-1.977542	-1.977542	-1.977542	-1.977542
127.1157	-1.975282	-1.975282	-1.975282	-1.975282	-1.975282
127.8502	-1.973686	-1.973686	-1.973686	-1.973686	-1.973686
128.5889	-1.971361	-1.971361	-1.971361	-1.971361	-1.971361
129.3319	-1.968967	-1.968967	-1.968967	-1.968967	-1.968967
130.0791	-1.966574	-1.966574	-1.966574	-1.966574	-1.966574
130.8307	-1.964179	-1.964179	-1.964179	-1.964179	-1.964179
131.5866	-1.961784	-1.961784	-1.961784	-1.961784	-1.961784
132.3469	-1.959392	-1.959392	-1.959392	-1.959392	-1.959392
133.1116	-1.956999	-1.956999	-1.956999	-1.956999	-1.956999
133.8807	-1.954289	-1.954289	-1.954289	-1.954289	-1.954289
134.6543	-1.951209	-1.951209	-1.951209	-1.951209	-1.951209
135.4323	-1.948815	-1.948815	-1.948815	-1.948815	-1.948815
136.2148	-1.945714	-1.945714	-1.945714	-1.945714	-1.945714
137.0018	-1.943030	-1.943030	-1.943030	-1.943030	-1.943030
137.7934	-1.940331	-1.940331	-1.940331	-1.940331	-1.940331
138.5896	-1.937240	-1.937240	-1.937240	-1.937240	-1.937240
139.3903	-1.934847	-1.934847	-1.934847	-1.934847	-1.934847
140.1957	-1.931755	-1.931755	-1.931755	-1.931755	-1.931755
141.0058	-1.928564	-1.928564	-1.928564	-1.928564	-1.928564
141.8205	-1.925667	-1.925667	-1.925667	-1.925667	-1.925667
142.6399	-1.923178	-1.923178	-1.923178	-1.923178	-1.923178
143.4641	-1.919987	-1.919987	-1.919987	-1.919987	-1.919987
144.2930	-1.916797	-1.916797	-1.916797	-1.916797	-1.916797
145.1267	-1.913606	-1.913606	-1.913606	-1.913606	-1.913606
145.9652	-1.910698	-1.910698	-1.910698	-1.910698	-1.910698
146.8086	-1.908220	-1.908220	-1.908220	-1.908220	-1.908220
147.6568	-1.905029	-1.905029	-1.905029	-1.905029	-1.905029
148.5100	-1.901838	-1.901838	-1.901838	-1.901838	-1.901838
149.3680	-1.898647	-1.898647	-1.898647	-1.898647	-1.898647
150.2311	-1.895455	-1.895455	-1.895455	-1.895455	-1.895455
151.0991	-1.892261	-1.892261	-1.892261	-1.892261	-1.892261
151.9721	-1.889070	-1.889070	-1.889070	-1.889070	-1.889070
152.8502	-1.886548	-1.886548	-1.886548	-1.886548	-1.886548
153.7334	-1.883688	-1.883688	-1.883688	-1.883688	-1.883688
154.6216	-1.880496	-1.880496	-1.880496	-1.880496	-1.880496
155.5150	-1.877240	-1.877240	-1.877240	-1.877240	-1.877240
156.4135	-1.873252	-1.873252	-1.873252	-1.873252	-1.873252
157.3173	-1.869921	-1.869921	-1.869921	-1.869921	-1.869921
158.2263	-1.866730	-1.866730	-1.866730	-1.866730	-1.866730
159.1405	-1.863537	-1.863537	-1.863537	-1.863537	-1.863537
160.0600	-1.860344	-1.860344	-1.860344	-1.860344	-1.860344
160.9848	-1.857153	-1.857153	-1.857153	-1.857153	-1.857153
161.9149	-1.853316	-1.853316	-1.853316	-1.853316	-1.853316
162.8504	-1.849772	-1.849772	-1.849772	-1.849772	-1.849772
163.7914	-1.846336	-1.846336	-1.846336	-1.846336	-1.846336
164.7378	-1.842385	-1.842385	-1.842385	-1.842385	-1.842385
165.6896	-1.839195	-1.839195	-1.839195	-1.839195	-1.839195
166.6469	-1.835368	-1.835368	-1.835368	-1.835368	-1.835368
167.6098	-1.831813	-1.831813	-1.831813	-1.831813	-1.831813
168.5782	-1.828388	-1.828388	-1.828388	-1.828388	-1.828388
169.5522	-1.824395	-1.824395	-1.824395	-1.824395	-1.824395
170.5319	-1.820408	-1.820408	-1.820408	-1.820408	-1.820408
171.5172	-1.816420	-1.816420	-1.816420	-1.816420	-1.816420
172.5082	-1.812430	-1.812430	-1.812430	-1.812430	-1.812430
173.5050	-1.808439	-1.808439	-1.808439	-1.808439	-1.808439
174.5075	-1.804447	-1.804447	-1.804447	-1.804447	-1.804447
175.5157	-1.800460	-1.800460	-1.800460	-1.800460	-1.800460
176.5299	-1.796471	-1.796471	-1.796471	-1.796471	-1.796471
177.5498	-1.792482	-1.792482	-1.792482	-1.792482	-1.792482
178.5757	-1.788279	-1.788279	-1.788279	-1.788279	-1.788279
179.6075	-1.783498	-1.783498	-1.783498	-1.783498	-1.783498
180.6452	-1.779512	-1.779512	-1.779512	-1.779512	-1.779512
181.6890	-1.775523	-1.775523	-1.775523	-1.775523	-1.775523
182.7388	-1.771130	-1.771130	-1.771130	-1.771130	-1.771130
183.7946	-1.766543	-1.766543	-1.766543	-1.766543	-1.766543
184.8565	-1.762550	-1.762550	-1.762550	-1.762550	-1.762550
185.9246	-1.757766	-1.757766	-1.757766	-1.757766	-1.757766
186.9989	-1.752980	-1.752980	-1.752980	-1.752980	-1.752980
188.0793	-1.748586	-1.748586	-1.748586	-1.748586	-1.748586
189.1660	-1.744403	-1.744403	-1.744403	-1.744403	-1.744403
190.2590	-1.739613	-1.739613	-1.739613	-1.739613	-1.739613
191.3583	-1.734828	-1.734828	-1.734828	-1.734828	-1.734828
192.4640	-1.730042	-1.730042	-1.730042	-1.730042	-1.730042
193.5760	-1.725255	-1.725255	-1.725255	-1.725255	-1.725255
194.6945	-1.720465	-1.720465	-1.720465	-1.720465	-1.720465
195.8194	-1.715675	-1.715675	-1.715675	-1.715675	-1.715675
196.9508	-1.710891	-1.710891	-1.710891	-1.710891	-1.710891
198.0888	-1.706104	-1.706104	-1.706104	-1.706104	-1.706104
199.2333	-1.701317	-1.701317	-1.701317	-1.701317	-1.701317
200.3845	-1.696527	-1.696527	-1.696527	-1.696527	-1.696527
201.5423	-1.691737	-1.691737	-1.691737	-1.691737	-1.691737
202.7067	-1.686187	-1.686187	-1.686187	-1.686187	-1.686187
203.8780	-1.681167	-1.681167	-1.681167	-1.681167	-1.681167
205.0559	-1.676379	-1.676379	-1.676379	-1.676379	-1.676379
206.2407	-1.671429	-1.671429	-1.671429	-1.671429	-1.671429
207.4324	-1.665841	-1.665841	-1.665841	-1.665841	-1.665841
208.6309	-1.660259	-1.660259	-1.660259	-1.660259	-1.660259
209.8363	-1.655229	-1.655229	-1.655229	-1.655229	-1.655229
211.0488	-1.650089	-1.650089	-1.650089	-1.650089	-1.650089
212.2682	-1.644501	-1.644501	-1.644501	-1.644501	-1.644501
213.4946	-1.638914	-1.638914	-1.638914	-1.638914	-1.638914
214.7282	-1.632586	-1.632586	-1.632586	-1.632586	-1.632586
215.9689	-1.626748	-1.626748	-1.626748	-1.626748	-1.626748
217.2167	-1.621162	-1.621162	-1.621162	-1.621162	-1.621162
218.4718	-1.615434	-1.615434	-1.615434	-1.615434	-1.615434
219.7341	-1.609049	-1.609049	-1.609049	-1.609049	-1.609049
221.0037	-1.602669	-1.602669	-1.602669	-1.602669	-1.602669
222.2806	-1.596820	-1.596820	-1.596820	-1.596820	-1.596820
223.5649	-1.590903	-1.590903	-1.590903	-1.590903	-1.590903
224.8566	-1.584388	-1.584388	-1.584388	-1.584388	-1.584388
226.1558	-1.577205	-1.577205	-1.577205	-1.577205	-1.577205
227.4625	-1.570753	-1.570753	-1.570753	-1.570753	-1.570753
228.7768	-1.564371	-1.564371	-1.564371	-1.564371	-1.564371
230.0986	-1.557666	-1.557666	-1.557666	-1.557666	-1.557666
231.4281	-1.550481	-1.550481	-1.550481	-1.550481	-1.550481
232.7653	-1.543298	-1.543298	-1.543298	-1.543298	-1.543298
234.1102	-1.536835	-1.536835	-1.536835	-1.536835	-1.536835
235.4629	-1.529941	-1.529941	-1.529941	-1.529941	-1.529941
236.8233	-1.522759	-1.522759	-1.522759	-1.522759	-1.522759
238.1917	-1.515573	-1.515573	-1.515573	-1.515573	-1.515573
239.5679	-1.508392	-1.508392	-1.508392	-1.508392	-1.508392
240.9521	-1.500511	-1.500511	-1.500511	-1.500511	-1.500511
242.3443	-1.493035	-1.493035	-1.493035	-1.493035	-1.493035
243.7446	-1.485852	-1.485852	-1.485852	-1.485852	-1.485852
245.1529	-1.478568	-1.478568	-1.478568	-1.478568	-1.478568
246.5693	-1.470590	-1.470590	-1.470590	-1.470590	-1.470590
247.9940	-1.463308	-1.463308	-1.463308	-1.463308	-1.463308
249.4269	-1.456128	-1.456128	-1.456128	-1.456128	-1.456128
250.8680	-1.448656	-1.448656	-1.448656	-1.448656	-1.448656
252.3175	-1.440760	-1.440760	-1.440760	-1.440760	-1.440760
253.7754	-1.433579	-1.433579	-1.433579	-1.433579	-1.433579
255.2417	-1.425718	-1.425718	-1.425718	-1.425718	-1.425718
256.7164	-1.417740	-1.417740	-1.417740	-1.417740	-1.417740
258.1997	-1.410038	-1.410038	-1.410038	-1.410038	-1.410038
259.6916	-1.402775	-1.402775	-1.402775	-1.402775	-1.402775
261.1920	-1.394797	-1.394797	-1.394797	-1.394797	-1.394797
262.7012	-1.386822	-1.386822	-1.386822	-1.386822	-1.386822
264.2190	-1.379314	-1.379314	-1.379314	-1.379314	-1.379314
265.7457	-1.371862	-1.371862	-1.371862	-1.371862	-1.371862
267.2811	-1.363878	-1.363878	-1.363878	-1.363878	-1.363878
268.8254	-1.355901	-1.355901	-1.355901	-1.355901	-1.355901
270.3787	-1.347925	-1.347925	-1.347925	-1.347925	-1.347925
271.9409	-1.339947	-1.339947	-1.339947	-1.339947	-1.339947
273.5121	-1.331708	-1.331708	-1.331708	-1.331708	-1.331708
275.0925	-1.322981	-1.322981	-1.322981	-1.322981	-1.322981
276.6819	-1.315005	-1.315005	-1.315005	-1.315005	-1.315005
278.2806	-1.306377	-1.306377	-1.306377	-1.306377	-1.306377
279.8884	-1.297601	-1.297601	-1.297601	-1.297601	-1.297601
281.5056	-1.288821	-1.288821	-1.288821	-1.288821	-1.288821
283.1321	-1.279992	-1.279992	-1.279992	-1.279992	-1.279992
284.7680	-1.270420	-1.270420	-1.270420	-1.270420	-1.270420
286.4134	-1.261491	-1.261491	-1.261491	-1.261491	-1.261491
288.0682	-1.252275	-1.252275	-1.252275	-1.252275	-1.252275
289.7327	-1.242697	-1.242697	-1.242697	-1.242697	-1.242697
291.4067	-1.233080	-1.233080	-1.233080	-1.233080	-1.233080
293.0904	-1.222711	-1.222711	-1.222711	-1.222711	-1.222711
294.7839	-1.212974	-1.212974	-1.212974	-1.212974	-1.212974
296.4871	-1.202970	-1.202970	-1.202970	-1.202970	-1.202970
298.2002	-1.192594	-1.192594	-1.192594	-1.192594	-1.192594
299.9231	-1.182214	-1.182214	-1.182214	-1.182214	-1.182214
301.6561	-1.171846	-1.171846	-1.171846	-1.171846	-1.171846
303.3990	-1.160856	-1.160856	-1.160856	-1.160856	-1.160856
305.1520	-1.150105	-1.150105	-1.150105	-1.150105	-1.150105
306.9151	-1.139511	-1.139511	-1.139511	-1.139511	-1.139511
308.6885	-1.128332	-1.128332	-1.128332	-1.128332	-1.128332
310.4720	-1.117168	-1.117168	-1.117168	-1.117168	-1.117168
312.2659	-1.106002	-1.106002	-1.106002	-1.106002	-1.106002
314.0701	-1.094423	-1.094423	-1.094423	-1.094423	-1.094423
315.8848	-1.082656	-1.082656	-1.082656	-1.082656	-1.082656
317.7100	-1.071471	-1.071471	-1.071471	-1.071471	-1.071471
319.5457	-1.059511	-1.059511	-1.059511	-1.059511	-1.059511
321.3920	-1.047546	-1.047546	-1.047546	-1.047546	-1.047546
323.2489	-1.035578	-1.035578	-1.035578	-1.035578	-1.035578
325.1166	-1.023604	-1.023604	-1.023604	-1.023604	-1.023604
326.9951	-1.011627	-1.011627	-1.011627	-1.011627	-1.011627
328.8845	-0.998874	-0.998874	-0.998874	-0.998874	-0.998874
330.7847	-0.986702	-0.986702	-0.986702	-0.986702	-0.986702
332.6959	-0.974345	-0.974345	-0.974345	-0.974345	-0.974345
334.6182	-0.961573	-0.961573	-0.961573	-0.961573	-0.961573
336.5516	-0.948799	-0.948799	-0.948799	-0.948799	-0.948799
338.4962	-0.936822	-0.936822	-0.936822	-0.936822	-0.936822
340.4520	-0.924278	-0.924278	-0.924278	-0.924278	-0.924278
342.4191	-0.911510	-0.911510	-0.911510	-0.911510	-0.911510
344.3975	-0.898739	-0.898739	-0.898739	-0.898739	-0.898739
346.3874	-0.885965	-0.885965	-0.885965	-0.885965	-0.885965
348.3888	-0.873207	-0.873207	-0.873207	-0.873207	-0.873207
350.4018	-0.859874	-0.859874	-0.859874	-0.859874	-0.859874
352.4263	-0.846677	-0.846677	-0.846677	-0.846677	-0.846677
354.4626	-0.833904	-0.833904	-0.833904	-0.833904	-0.833904
356.5107	-0.821131	-0.821131	-0.821131	-0.821131	-0.821131
358.5705	-0.808373	-0.808373	-0.808373	-0.808373	-0.808373
360.6423	-0.795051	-0.795051	-0.795051	-0.795051	-0.795051
362.7261	-0.781842	-0.781842	-0.781842	-0.781842	-0.781842
364.8219	-0.768914	-0.768914	-0.768914	-0.768914	-0.768914
366.9298	-0.755344	-0.755344	-0.755344	-0.755344	-0.755344
369.0499	-0.741788	-0.741788	-0.741788	-0.741788	-0.741788
371.1822	-0.728775	-0.728775	-0.728775	-0.728775	-0.728775
373.3268	-0.715661	-0.715661	-0.715661	-0.715661	-0.715661
375.4839	-0.701945	-0.701945	-0.701945	-0.701945	-0.701945
377.6534	-0.687578	-0.687578	-0.687578	-0.687578	-0.687578
379.8354	-0.673965	-0.673965	-0.673965	-0.673965	-0.673965
382.0301	-0.660403	-0.660403	-0.660403	-0.660403	-0.660403
384.2374	-0.646501	-0.646501	-0.646501	-0.646501	-0.646501
386.4575	-0.632131	-0.632131	-0.632131	-0.632131	-0.632131
388.6904	-0.617765	-0.617765	-0.617765	-0.617765	-0.617765
390.9362	-0.603411	-0.603411	-0.603411	-0.603411	-0.603411
393.1950	-0.588524	-0.588524	-0.588524	-0.588524	-0.588524
395.4668	-0.573687	-0.573687	-0.573687	-0.573687	-0.573687
397.7518	-0.559193	-0.559193	-0.559193	-0.559193	-0.559193
400.0500	-0.544030	-0.544030	-0.544030	-0.544030	-0.544030
402.3614	-0.528878	-0.528878	-0.528878	-0.528878	-0.528878
404.6862	-0.513204	-0.513204	-0.513204	-0.513204	-0.513204
407.0244	-0.497558	-0.497558	-0.497558	-0.497558	-0.497558
409.3762	-0.482276	-0.482276	-0.482276	-0.482276	-0.482276
411.7415	-0.466316	-0.466316	-0.466316	-0.466316	-0.466316
414.1205	-0.450366	-0.450366	-0.450366	-0.450366	-0.450366
416.5133	-0.434411	-0.434411	-0.434411	-0.434411	-0.434411
418.9198	-0.418450	-0.418450	-0.418450	-0.418450	-0.418450
421.3403	-0.402379	-0.402379	-0.402379	-0.402379	-0.402379
423.7748	-0.385622	-0.385622	-0.385622	-0.385622	-0.385622
426.2233	-0.368875	-0.368875	-0.368875	-0.368875	-0.368875
428.6860	-0.352121	-0.352121	-0.352121	-0.352121	-0.352121
431.1629	-0.335362	-0.335362	-0.335362	-0.335362	-0.335362
433.6541	-0.318596	-0.318596	-0.318596	-0.318596	-0.318596
436.1597	-0.301840	-0.301840	-0.301840	-0.301840	-0.301840
438.6798	-0.284404	-0.284404	-0.284404	-0.284404	-0.284404
441.2144	-0.267339	-0.267339	-0.267339	-0.267339	-0.267339
443.7637	-0.250295	-0.250295	-0.250295	-0.250295	-0.250295
446.3277	-0.232730	-0.232730	-0.232730	-0.232730	-0.232730
448.9065	-0.215178	-0.215178	-0.215178	-0.215178	-0.215178
451.5003	-0.197632	-0.197632	-0.197632	-0.197632	-0.197632
454.1090	-0.180081	-0.180081	-0.180081	-0.180081	-0.180081
456.7328	-0.162522	-0.162522	-0.162522	-0.162522	-0.162522
459.3717	-0.144958	-0.144958	-0.144958	-0.144958	-0.144958
462.0259	-0.127407	-0.127407	-0.127407	-0.127407	-0.127407
464.6955	-0.109193	-0.109193	-0.109193	-0.109193	-0.109193
467.3804	-0.090843	-0.090843	-0.090843	-0.090843	-0.090843
470.0809	-0.072486	-0.072486	-0.072486	-0.072486	-0.072486
472.7970	-0.054123	-0.054123	-0.054123	-0.054123	-0.054123
475.5288	-0.035775	-0.035775	-0.035775	-0.035775	-0.035775
478.2763	-0.017432	-0.017432	-0.017432	-0.017432	-0.017432
481.0397	0.000918	0.000918	0.000918	0.000918	0.000918
483.8191	0.019276	0.019276	0.019276	0.019276	0.019276
486.6146	0.037692	0.037692	0.037692	0.037692	0.037692
489.4262	0.056835	0.056835	0.056835	0.056835	0.056835
492.2540	0.075976	0.075976	0.075976	0.075976	0.075976
495.0982	0.095125	0.095125	0.095125	0.095125	0.095125
497.9589	0.114281	0.114281	0.114281	0.114281	0.114281
500.8360	0.133433	0.133437	0.133445	0.133458	0.133465
503.7298	0.152369	0.152464	0.152607	0.152865	0.153014
506.6403	0.171686	0.171986	0.172431	0.173232	0.173698
509.5676	0.191778	0.192397	0.193321	0.194939	0.195889
512.5118	0.212340	0.213398	0.214969	0.217639	0.219245
515.4731	0.232623	0.234214	0.236617	0.240556	0.242977
518.4514	0.251860	0.254097	0.257416	0.262825	0.266244
521.4470	0.270838	0.273825	0.278268	0.285290	0.289824
524.4598	0.289546	0.293396	0.299056	0.307766	0.313554
527.4901	0.307974	0.312779	0.319529	0.330277	0.337406
530.5379	0.326128	0.332050	0.340156	0.352761	0.361478
533.6033	0.345478	0.352604	0.362417	0.376588	0.387060
536.6864	0.364001	0.372433	0.383814	0.399691	0.411871
539.7873	0.382862	0.392654	0.405780	0.423014	0.437748
542.9061	0.402178	0.413443	0.428375	0.446533	0.463445
546.0430	0.421181	0.433875	0.450842	0.470037	0.488563
549.1980	0.439833	0.454232	0.472358	0.493351	0.513120
552.3712	0.458793	0.474731	0.494080	0.516145	0.537561
555.5627	0.477233	0.494537	0.515625	0.538755	0.561140
558.7727	0.495024	0.513723	0.536706	0.559102	0.584044
562.0012	0.512498	0.532299	0.556381	0.579922	0.607606
565.2484	0.528392	0.550391	0.575657	0.600257	0.628459
568.5143	0.541857	0.566892	0.594022	0.618410	0.647806
571.7992	0.555517	0.580296	0.610982	0.635685	0.665956
575.1029	0.568880	0.594802	0.625503	0.653310	0.684199
578.4258	0.581536	0.608072	0.638701	0.669970	0.698781
581.7679	0.592272	0.618778	0.650943	0.684877	0.713855
585.1293	0.601656	0.629789	0.662405	0.700068	0.728424
588.5101	0.608316	0.637807	0.673906	0.711734	0.744155
591.9105	0.614633	0.645383	0.683134	0.724869	0.761469
595.3305	0.616685	0.651282	0.692952	0.737592	0.776827
598.7702	0.619590	0.655778	0.703447	0.751326	0.792060
602.2298	0.620529	0.659265	0.712973	0.764889	0.807823
605.7095	0.619673	0.663936	0.722188	0.779636	0.823658
609.2092	0.616597	0.668021	0.728265	0.793532	0.840129
612.7291	0.614510	0.672504	0.737031	0.806152	0.856394
616.2694	0.610889	0.673384	0.742961	0.819012	0.873468
619.8302	0.604338	0.675345	0.752480	0.833451	0.890529
623.4115	0.599041	0.676693	0.762676	0.846316	0.907845
627.0135	0.593384	0.677035	0.768254	0.859255	0.924081
630.6363	0.589171	0.675206	0.775231	0.872556	0.938497
634.2800	0.584547	0.676269	0.783412	0.884393	0.953711
637.9448	0.578782	0.675739	0.791555	0.896505	0.968520
641.6308	0.574447	0.677011	0.799376	0.907965	0.983460
645.3381	0.572859	0.679260	0.807620	0.918816	0.999523
649.0668	0.572204	0.680821	0.815362	0.929130	1.015166
652.8170	0.573993	0.685092	0.824482	0.942698	1.030250
656.5889	0.578430	0.691870	0.833663	0.955459	1.045346
660.3826	0.585098	0.700249	0.843001	0.967483	1.061932
664.1982	0.596830	0.710041	0.852265	0.980404	1.078385
668.0359	0.609075	0.722882	0.864907	0.993966	1.094806
671.8957	0.623540	0.738340	0.875859	1.005087	1.112656
675.7779	0.640252	0.756196	0.890422	1.017708	1.128629
679.6825	0.662648	0.773162	0.904793	1.030194	1.144758
683.6096	0.689068	0.791324	0.924337	1.043657	1.162814
687.5594	0.709885	0.811249	0.941978	1.065442	1.187713
691.5321	0.730214	0.831699	0.964427	1.080735	1.210256
695.5276	0.750170	0.855864	0.977492	1.098567	1.229161
699.5463	0.777268	0.876537	0.992853	1.118658	1.248933
703.5882	0.798437	0.898688	1.013234	1.141572	1.272986
707.6535	0.825386	0.923318	1.032824	1.159587	1.300140
711.7422	0.837745	0.942349	1.049684	1.184096	1.318443
715.8546	0.856340	0.966373	1.072639	1.209212	1.345992
719.9907	0.873803	0.985486	1.095344	1.231454	1.372792
724.1508	0.887800	1.008569	1.120560	1.261250	1.399076
728.3348	0.900836	1.025690	1.135426	1.286860	1.427320
732.5431	0.912155	1.037940	1.155312	1.307392	1.458838
736.7756	0.927746	1.053494	1.179963	1.327850	1.486349
741.0326	0.940073	1.064152	1.202939	1.359858	1.513315
745.3142	0.949892	1.077064	1.219871	1.389389	1.543639
749.6206	0.962712	1.093462	1.236575	1.417107	1.575153
753.9518	0.975225	1.100881	1.254920	1.437555	1.604397
758.3081	0.986798	1.106083	1.264795	1.462693	1.633002
762.6895	0.990973	1.116634	1.278952	1.482183	1.657646
767.0962	1.002126	1.127546	1.289732	1.500904	1.678867
771.5284	1.007697	1.132349	1.301039	1.515176	1.692091
775.9862	1.009805	1.139536	1.307311	1.526647	1.708122
780.4698	1.012969	1.144065	1.317029	1.533881	1.722548
784.9793	1.016160	1.147693	1.322435	1.537869	1.726232
789.5148	1.016748	1.152223	1.323490	1.542580	1.731896
794.0765	1.021013	1.154435	1.327602	1.542140	1.737264
798.6646	1.020742	1.155348	1.330009	1.547196	1.743724
803.2792	1.023169	1.157603	1.328318	1.549692	1.742774
807.9205	1.028149	1.159797	1.330683	1.551289	1.737990
812.5885	1.034148	1.159960	1.331023	1.546520	1.731750
817.2836	1.033859	1.158790	1.328126	1.539592	1.726832
822.0058	1.031361	1.159472	1.322301	1.534043	1.714877
826.7552	1.015994	1.160106	1.321196	1.526204	1.713778
831.5321	1.004498	1.159947	1.314942	1.521801	1.710067
836.3366	0.997459	1.163052	1.306393	1.516928	1.700584
841.1689	0.995422	1.158597	1.299285	1.503594	1.698743
846.0291	0.986469	1.154768	1.299100	1.499343	1.693810
850.9173	0.972967	1.151757	1.297108	1.488224	1.686980
855.8339	0.957942	1.146310	1.288832	1.482440	1.686724
860.7788	0.949316	1.133922	1.290121	1.473001	1.674559
865.7523	0.933974	1.119574	1.282764	1.467296	1.663989
870.7545	0.916661	1.117692	1.287179	1.462414	1.657055
875.7856	0.902893	1.112143	1.286543	1.465025	1.650123
880.8458	0.892665	1.115411	1.291110	1.468711	1.644930
885.9352	0.892626	1.110077	1.297656	1.470623	1.639965
891.0541	0.896448	1.112128	1.303604	1.474632	1.643201
896.2025	0.899526	1.116520	1.314205	1.479968	1.647439
901.3806	0.913021	1.126910	1.323999	1.478271	1.648837
906.5887	0.928800	1.141269	1.336171	1.488248	1.648154
911.8269	0.957715	1.157238	1.353542	1.497318	1.649731
917.0953	0.988399	1.180792	1.367983	1.504248	1.644908
922.3942	1.022198	1.205757	1.385157	1.516303	1.650779
927.7237	1.064775	1.233295	1.404833	1.527928	1.652259
933.0840	1.110805	1.265188	1.427799	1.542758	1.656098
938.4752	1.161335	1.301482	1.450208	1.557811	1.663016
943.8977	1.215068	1.340258	1.476954	1.575290	1.670119
949.3514	1.277997	1.383123	1.502870	1.595462	1.678996
954.8366	1.340603	1.426352	1.533514	1.615543	1.688703
960.3536	1.402361	1.475744	1.565889	1.636938	1.700692
965.9024	1.467624	1.525850	1.599933	1.660169	1.714914
971.4833	1.530639	1.579703	1.636165	1.686631	1.731941
977.0964	1.596054	1.633174	1.675852	1.717194	1.754080
982.7420	1.660336	1.688801	1.717837	1.749096	1.776745
988.4201	1.723019	1.740590	1.760224	1.780604	1.798848
994.1311	1.780825	1.789335	1.799173	1.809712	1.818585
1000.0000	1.833821	1.834518	1.836500	1.837123	1.837518
1005.6523	1.853955	1.862702	1.871295	1.880177	1.886667
1011.4628	1.870647	1.888762	1.905371	1.923654	1.936714
1017.3070	1.886675	1.911540	1.937235	1.964328	1.985261
1023.1848	1.900326	1.933002	1.967722	2.002806	2.031911
1029.0967	1.913272	1.953865	1.996170	2.043337	2.079329
1035.0427	1.923404	1.972677	2.022681	2.081621	2.126509
1041.0231	1.931848	1.988203	2.048988	2.117490	2.175630
1047.0380	1.934247	2.002461	2.075020	2.155375	2.221352
1053.0877	1.938076	2.018745	2.097363	2.194962	2.270739
1059.1723	1.945684	2.032179	2.118124	2.233993	2.316768
1065.2921	1.949616	2.045228	2.141782	2.270289	2.366334
1071.4472	1.955325	2.060870	2.164933	2.310371	2.414032
1077.6379	1.958134	2.071688	2.190508	2.347975	2.463140
1083.8644	1.956816	2.080317	2.214193	2.382958	2.510128
1090.1268	1.958665	2.094575	2.235668	2.421249	2.557230
1096.4255	1.963050	2.107245	2.258069	2.458026	2.600773
1102.7605	1.970514	2.120791	2.280461	2.497653	2.641684
1109.1321	1.978020	2.140214	2.304696	2.531141	2.679152
1115.5406	1.994904	2.158686	2.327992	2.564146	2.718800
1121.9861	2.004403	2.182655	2.355537	2.594568	2.756920
1128.4688	2.032780	2.200522	2.382949	2.624283	2.789213
1134.9889	2.051330	2.224798	2.415190	2.658829	2.821304
1141.5468	2.073771	2.248888	2.443208	2.689354	2.851312
1148.1425	2.098166	2.286675	2.475917	2.710510	2.879852
1154.7764	2.118025	2.313490	2.510496	2.731487	2.912314
1161.4485	2.151350	2.342389	2.557233	2.759580	2.940449
1168.1593	2.178937	2.377145	2.587280	2.796114	2.965158
1174.9088	2.204852	2.412031	2.632487	2.829097	3.003568
1181.6973	2.235294	2.438079	2.668906	2.859926	3.030777
1188.5250	2.247843	2.468375	2.702571	2.893801	3.054638
1195.3921	2.265410	2.496046	2.747909	2.938968	3.099350
1202.2990	2.284305	2.531713	2.781494	2.971616	3.158661
1209.2457	2.290868	2.566271	2.817146	3.026413	3.202165
1216.2326	2.300523	2.595881	2.848167	3.065926	3.248507
1223.2599	2.318851	2.620570	2.882144	3.105343	3.305874
1230.3278	2.332961	2.645073	2.914413	3.146906	3.340452
1237.4365	2.343291	2.668121	2.953293	3.192067	3.387048
1244.5862	2.364008	2.683241	2.992100	3.234176	3.438804
1251.7773	2.378233	2.706819	3.027893	3.279591	3.497371
1259.0099	2.379667	2.732628	3.063927	3.314048	3.554943
1266.2844	2.390908	2.763890	3.095489	3.353635	3.599347
1273.6008	2.413152	2.779123	3.119340	3.391050	3.645340
1280.9596	2.418582	2.807191	3.146921	3.429911	3.698325
1288.3608	2.433393	2.837287	3.184457	3.465984	3.738752
1295.8048	2.444520	2.858867	3.211459	3.502031	3.772632
1303.2918	2.470611	2.887894	3.240899	3.531064	3.811938
1310.8221	2.480260	2.911844	3.271786	3.561401	3.838742
1318.3959	2.522313	2.937929	3.304102	3.594788	3.868722
1326.0134	2.572961	2.964543	3.340786	3.624368	3.896877
1333.6750	2.612823	2.997977	3.380300	3.666736	3.924752
1341.3808	2.648623	3.028688	3.411215	3.705651	3.954696
1349.1312	2.676646	3.060653	3.446709	3.745386	3.996544
1356.9263	2.712971	3.094043	3.491799	3.782699	4.038612
1364.7665	2.757925	3.129432	3.534175	3.825957	4.087256
1372.6520	2.810779	3.170031	3.588453	3.878908	4.136742
1380.5830	2.854942	3.212024	3.645415	3.941483	4.198331
1388.5599	2.906793	3.251856	3.702774	4.010154	4.263707
1396.5828	2.954318	3.300125	3.762170	4.074228	4.343493
1404.6521	2.991230	3.353685	3.820045	4.141584	4.411935
1412.7680	3.030695	3.409605	3.877383	4.202924	4.475051
1420.9309	3.065366	3.459342	3.937708	4.265602	4.563037
1429.1409	3.096056	3.500052	4.008329	4.335523	4.653680
1437.3983	3.136187	3.555455	4.060576	4.428728	4.758432
1445.7034	3.158036	3.592845	4.134565	4.500516	4.854177
1454.0565	3.193749	3.629041	4.186128	4.587269	4.934190
1462.4579	3.226908	3.665076	4.244518	4.675369	5.050077
1470.9078	3.264932	3.697532	4.298555	4.758851	5.157558
1479.4066	3.286877	3.747685	4.347064	4.843964	5.249160
1487.9544	3.327777	3.783868	4.437155	4.922346	5.360784
1496.5517	3.338022	3.840251	4.495576	5.012708	5.443226
1505.1986	3.375425	3.871886	4.535342	5.090202	5.524246
1513.8955	3.406633	3.910583	4.575518	5.165096	5.603409
1522.6426	3.446263	3.948914	4.633241	5.241850	5.696462
1531.4402	3.487458	3.974258	4.686394	5.325023	5.769830
1540.2887	3.535179	4.020885	4.746908	5.388645	5.835125
1549.1884	3.570878	4.073322	4.782478	5.456733	5.905942
1558.1394	3.614559	4.127402	4.833408	5.507134	5.960507
1567.1422	3.670590	4.179162	4.886612	5.554355	6.008462
1576.1969	3.744348	4.218800	4.940081	5.580203	6.052873
1585.3040	3.811360	4.280776	4.994997	5.634560	6.095837
1594.4637	3.880263	4.344655	5.052486	5.665981	6.122865
1603.6764	3.955612	4.415071	5.103573	5.679600	6.137118
1612.9423	4.011664	4.492103	5.160779	5.719326	6.164474
1622.2617	4.092223	4.569468	5.221092	5.763799	6.198379
1631.6349	4.166971	4.651082	5.271389	5.830358	6.230182
1641.0623	4.261863	4.733765	5.346096	5.877424	6.259656
1650.5442	4.344663	4.804069	5.401937	5.914781	6.291491
1660.0809	4.430782	4.873565	5.432957	5.942254	6.314733
1669.6726	4.514517	4.954303	5.480766	5.976115	6.358319
1679.3198	4.600110	5.023630	5.541524	6.012358	6.415504
1689.0228	4.687061	5.107044	5.593378	6.043440	6.459242
1698.7817	4.755709	5.168518	5.635242	6.095935	6.516181
1708.5971	4.831703	5.237527	5.694122	6.145123	6.564643
1718.4692	4.883367	5.308092	5.749463	6.210108	6.630423
1728.3983	4.950086	5.368927	5.811914	6.283741	6.700232
1738.3848	5.018614	5.436287	5.892064	6.357614	6.767847
1748.4290	5.106072	5.505983	5.970310	6.437677	6.846489
1758.5313	5.160764	5.579492	6.048250	6.526402	6.945006
1768.6919	5.206424	5.641647	6.124005	6.605947	7.022297
1778.9112	5.264968	5.691958	6.184969	6.696724	7.123177
1789.1895	5.315265	5.738383	6.254911	6.764070	7.232474
1799.5273	5.365980	5.805346	6.357725	6.876261	7.355692
1809.9248	5.444792	5.868588	6.445409	6.990298	7.481008
1820.3823	5.515417	5.935885	6.537574	7.124155	7.599102
1830.9003	5.584142	6.011128	6.627316	7.261094	7.722594
1841.4790	5.659195	6.093214	6.709011	7.403361	7.857263
1852.1189	5.750112	6.172535	6.818006	7.536210	8.021680
1862.8202	5.842397	6.261288	6.939110	7.673234	8.163622
1873.5834	5.927129	6.350571	7.046813	7.807334	8.309444
1884.4088	6.042815	6.459171	7.152981	7.960287	8.466963
1895.2967	6.133455	6.560407	7.259369	8.094702	8.624771
1906.2475	6.242918	6.656589	7.382691	8.217804	8.785905
1917.2616	6.345397	6.745628	7.472748	8.326666	8.926882
1928.3393	6.435275	6.825384	7.540441	8.420835	9.043304
1939.4811	6.504656	6.900808	7.612421	8.511738	9.121980
1950.6872	6.578419	6.994773	7.696475	8.611443	9.198573
1961.9580	6.677384	7.088072	7.770507	8.697879	9.291616
1973.2940	6.770100	7.188195	7.856725	8.798630	9.382599
1984.6955	6.869315	7.276943	7.957538	8.899876	9.458530
1996.1628	6.978467	7.395975	8.057670	8.997660	9.551421
2007.6965	7.092805	7.509222	8.161985	9.100542	9.659901
2019.2967	7.204863	7.617467	8.266609	9.203462	9.787339
2030.9640	7.314909	7.726658	8.373782	9.313416	9.891167
2042.6987	7.410652	7.836386	8.491785	9.415721	10.012396
2054.5012	7.505749	7.943373	8.599850	9.534462	10.143397
2066.3719	7.610284	8.052897	8.711737	9.645134	10.269457
2078.3111	7.724360	8.150463	8.818648	9.746250	10.363288
2090.3194	7.821945	8.237116	8.932218	9.858576	10.478948
2102.3970	7.923987	8.325782	9.041470	9.972455	10.585910
2114.5444	8.023619	8.442167	9.145359	10.083417	10.707225
2126.7621	8.130372	8.549502	9.267710	10.186300	10.816276
2139.0503	8.226005	8.647352	9.375881	10.275587	10.931922
2151.4095	8.318927	8.747322	9.481203	10.365026	11.057448
2163.8401	8.409124	8.840557	9.571127	10.456463	11.177780
2176.3425	8.496644	8.945700	9.669369	10.553530	11.284430
2188.9172	8.596604	9.053350	9.761598	10.648983	11.363112
2201.5645	8.681215	9.164124	9.854703	10.744737	11.458487
2214.2849	8.784337	9.269191	9.956432	10.829265	11.580216
2227.0788	8.897773	9.359025	10.054147	10.918174	11.691963
2239.9466	8.989150	9.473813	10.162257	11.014606	11.788463
2252.8888	9.085892	9.591238	10.275707	11.118871	11.910016
2265.9057	9.181650	9.708345	10.387402	11.240728	12.036371
2278.9979	9.291814	9.814377	10.497247	11.368452	12.150085
2292.1657	9.385699	9.921385	10.596928	11.490251	12.272795
2305.4096	9.485229	10.024700	10.692883	11.611900	12.393885
2318.7300	9.585673	10.100604	10.785361	11.734839	12.525992
2332.1274	9.671969	10.182240	10.889325	11.867236	12.642505
2345.6021	9.756351	10.263683	10.993974	12.003539	12.772248
2359.1548	9.842470	10.351538	11.081694	12.123444	12.890452
2372.7857	9.930041	10.432919	11.173908	12.241432	12.991991
2386.4954	9.996245	10.489969	11.261109	12.352052	13.118868
2400.2843	10.061788	10.555193	11.336296	12.440235	13.207939
2414.1529	10.097140	10.614128	11.404728	12.554417	13.308935
2428.1016	10.137209	10.671997	11.473612	12.653000	13.421263
2442.1309	10.195992	10.731560	11.549965	12.746072	13.517133
2456.2413	10.254303	10.796535	11.609939	12.823821	13.602145
2470.4332	10.307736	10.839360	11.670681	12.887148	13.685224
2484.7071	10.339157	10.885450	11.722210	12.963594	13.760428
2499.0635	10.377240	10.933687	11.776688	13.024135	13.823734
2513.5028	10.426891	10.992854	11.825070	13.080567	13.898365
2528.0255	10.474125	11.048556	11.867485	13.111219	13.964411
2542.6322	10.508469	11.086842	11.925642	13.143869	13.998876
2557.3232	10.557078	11.139715	11.983868	13.192617	14.053767
2572.0992	10.611282	11.194519	12.043123	13.254758	14.113977
2586.9605	10.652344	11.268422	12.103000	13.310870	14.183602
2601.9077	10.711436	11.319400	12.147113	13.358656	14.244361
2616.9412	10.754116	11.358344	12.175799	13.386120	14.296184
2632.0616	10.785151	11.381387	12.201744	13.410049	14.326121
2647.2694	10.802895	11.408528	12.226597	13.429508	14.360190
2662.5650	10.818462	11.434571	12.260780	13.440283	14.401019
2677.9490	10.830864	11.453048	12.291931	13.467558	14.436708
2693.4219	10.856005	11.478144	12.312670	13.497581	14.499618
2708.9842	10.873834	11.498164	12.335391	13.527917	14.553256
2724.6364	10.881556	11.531648	12.356710	13.563982	14.581561
2740.3791	10.881599	11.524448	12.381142	13.591796	14.590929
2756.2127	10.876038	11.544191	12.394414	13.605930	14.617117
2772.1378	10.863399	11.548314	12.403744	13.636729	14.638196
2788.1549	10.843353	11.563954	12.401420	13.656631	14.688528
2804.2646	10.830195	11.561128	12.419220	13.656999	14.718414
2820.4673	10.818015	11.560617	12.432574	13.678511	14.741558
2836.7637	10.806461	11.562989	12.435367	13.700479	14.769304
2853.1542	10.813040	11.568949	12.457689	13.718857	14.806759
2869.6394	10.825234	11.578998	12.473982	13.733594	14.804827
2886.2199	10.836023	11.570314	12.486959	13.776779	14.815552
2902.8961	10.847102	11.579187	12.491964	13.811403	14.839380
2919.6688	10.835637	11.589813	12.515788	13.828998	14.913578
2936.5383	10.839286	11.582076	12.527423	13.856004	14.940037
2953.5053	10.842072	11.581185	12.551635	13.886860	14.982077
2970.5703	10.843518	11.575205	12.570634	13.908238	15.026616
2987.7340	10.819626	11.570043	12.563957	13.922546	15.066522
3004.9968	10.795490	11.558904	12.560417	13.950089	15.089363
3022.3593	10.777289	11.539753	12.547908	13.945149	15.083350
3039.8222	10.754183	11.526486	12.544960	13.934189	15.072095
3057.3859	10.729902	11.488259	12.548056	13.885111	15.024764
3075.0512	10.672950	11.465827	12.526693	13.861634	14.990062
3092.8185	10.664481	11.422878	12.482094	13.786976	14.934733
3110.6885	10.606380	11.408183	12.438991	13.712549	14.915151
3128.6617	10.559890	11.382267	12.383170	13.648026	14.823768
3146.7387	10.508972	11.343412	12.319274	13.589141	14.772666
3164.9203	10.452785	11.267789	12.277637	13.505977	14.689082
3183.2068	10.406162	11.210103	12.251135	13.461756	14.635267
3201.5991	10.346287	11.175490	12.226118	13.424630	14.636779
3220.0975	10.294445	11.130466	12.198737	13.436467	14.669738
3238.7029	10.276594	11.120977	12.191186	13.441698	14.704450
3257.4158	10.223803	11.070542	12.174183	13.461183	14.716794
3276.2368	10.185951	11.017428	12.151171	13.509144	14.761886
3295.1665	10.155904	11.002560	12.129068	13.571819	14.855576
3314.2057	10.080825	10.925244	12.111777	13.529061	15.001482
3333.3548	9.994925	10.866424	12.051966	13.551523	15.048722
3352.6145	9.895052	10.797283	11.970396	13.520563	15.059410
3371.9856	9.818797	10.713541	11.883412	13.417344	15.007468
3391.4685	9.749069	10.611586	11.806245	13.358465	14.941069
3411.0641	9.678898	10.554830	11.729817	13.239645	14.806664
3430.7728	9.631572	10.488475	11.702559	13.151047	14.674489
3450.5955	9.577617	10.440420	11.631723	13.074596	14.569588
3470.5326	9.523887	10.411587	11.568189	12.904010	14.435793
3490.5850	9.472280	10.353950	11.496070	12.853520	14.249081
3510.7532	9.405991	10.292514	11.410241	12.761262	14.157950
3531.0380	9.342377	10.233891	11.351593	12.689267	14.100070
3551.4399	9.298720	10.182060	11.300713	12.645320	14.039986
3571.9598	9.266189	10.146956	11.289754	12.626164	14.033026
3592.5982	9.210590	10.115526	11.285348	12.619132	14.078868
3613.3558	9.139364	10.081758	11.258054	12.632997	14.158361
3634.2334	9.071768	10.031802	11.256588	12.636070	14.249945
3655.2316	9.057583	9.997744	11.203491	12.714703	14.252654
3676.3511	8.976814	9.948578	11.140210	12.733790	14.304535
3697.5927	8.895050	9.893906	11.118148	12.725731	14.341184
3718.9570	8.839915	9.835410	11.078832	12.682692	14.304989
3740.4447	8.779024	9.781974	11.010219	12.594802	14.217818
3762.0566	8.720042	9.688809	10.945439	12.488358	14.093345
3783.7934	8.652492	9.591122	10.859277	12.338686	13.898485
3805.6557	8.581842	9.490596	10.744653	12.198401	13.718187
3827.6444	8.502676	9.392935	10.634287	12.051056	13.596048
3849.7601	8.410948	9.324988	10.531665	11.886911	13.401572
3872.0036	8.333057	9.244998	10.416024	11.785321	13.277285
3894.3756	8.269467	9.167295	10.330999	11.685262	13.205876
3916.8769	8.216093	9.096015	10.226602	11.612878	13.148618
3939.5082	8.157767	9.026495	10.145288	11.552280	13.118152
3962.2702	8.100261	8.966401	10.083328	11.507907	13.086352
3985.1638	8.044564	8.906441	9.990917	11.499397	13.026914
4008.1896	7.996217	8.848605	9.930498	11.453276	12.981750
4031.3485	7.948713	8.801133	9.886823	11.431275	12.952868
4054.6412	7.912537	8.754916	9.828869	11.379471	12.904844
4078.0685	7.918662	8.730590	9.780426	11.333921	12.866728
4101.6311	7.895827	8.690831	9.724469	11.289460	12.819685
4125.3299	7.852707	8.639368	9.663862	11.239872	12.773159
4149.1656	7.826912	8.580652	9.599766	11.244832	12.738289
4173.1391	7.801619	8.520171	9.530750	11.212176	12.695517
4197.2510	7.788259	8.487510	9.456109	11.173071	12.700420
4221.5023	7.751641	8.425300	9.441336	11.171265	12.675588
4245.8936	7.698992	8.363273	9.373416	11.159094	12.627616
4270.4260	7.625221	8.289344	9.306387	11.128288	12.534104
4295.1000	7.549055	8.206180	9.208248	11.088384	12.480106
4319.9166	7.477189	8.167102	9.121942	10.972101	12.396285
4344.8767	7.416468	8.097145	9.033136	10.883763	12.308057
4369.9809	7.327043	8.038959	8.938383	10.768744	12.204074
4395.2302	7.260965	7.975044	8.845242	10.663239	12.147836
4420.6253	7.177942	7.918291	8.755776	10.619512	12.079700
4446.1672	7.083344	7.842568	8.690191	10.540087	11.977024
4471.8567	7.007684	7.775483	8.635315	10.484661	11.889166
4497.6946	6.933296	7.713704	8.558287	10.440011	11.794295
4523.6818	6.845102	7.651205	8.517182	10.414306	11.705664
4549.8191	6.768953	7.601850	8.441256	10.364507	11.596389
4576.1075	6.678233	7.522482	8.368614	10.302408	11.517217
4602.5477	6.615688	7.452549	8.321158	10.260956	11.397200
4629.1408	6.550713	7.382496	8.251907	10.188442	11.297983
4655.8874	6.478298	7.313929	8.182667	10.086033	11.245522
4682.7887	6.424371	7.227434	8.133076	10.020555	11.191670
4709.8453	6.367204	7.154225	8.074070	9.936902	11.122267
4737.0583	6.307994	7.079354	8.004794	9.916848	11.078892
4764.4285	6.248705	7.010806	7.951107	9.830238	11.051887
4791.9568	6.208002	6.927747	7.898758	9.784322	10.976757
4819.6443	6.141677	6.837588	7.838707	9.723665	10.933948
4847.4916	6.065354	6.768108	7.776512	9.645450	10.878370
4875.4999	5.985274	6.682748	7.701276	9.574279	10.802222
4903.6700	5.934883	6.609426	7.635813	9.505004	10.745933
4932.0029	5.854360	6.567374	7.557506	9.470268	10.709114
4960.4995	5.815725	6.528196	7.534255	9.451529	10.676663
4989.1607	5.745731	6.477141	7.487055	9.429634	10.697397
5017.9875	5.718209	6.432678	7.469640	9.432184	10.766892
5046.9809	5.685078	6.392282	7.450761	9.495717	10.785140
5076.1418	5.672857	6.364375	7.418499	9.532988	10.803382
5105.4712	5.637184	6.324054	7.402859	9.570888	10.832426
5134.9701	5.596734	6.305359	7.409474	9.544663	10.810405
5164.6394	5.587664	6.273918	7.373715	9.469435	10.800102
5194.4801	5.539657	6.247387	7.333982	9.453465	10.749109
5224.4933	5.499647	6.227225	7.296220	9.330709	10.715976
5254.6798	5.431002	6.193524	7.242191	9.271690	10.628698
5285.0408	5.397773	6.182430	7.221494	9.216908	10.578882
5315.5772	5.362011	6.147663	7.215971	9.163207	10.522400
5346.2900	5.320058	6.122607	7.201755	9.138474	10.501061
5377.1803	5.295997	6.105476	7.197412	9.147616	10.481708
5408.2491	5.275259	6.064040	7.183569	9.088096	10.474861
5439.4974	5.253903	6.042238	7.143206	9.111351	10.439076
5470.9262	5.205696	6.026176	7.129303	9.090308	10.395322
5502.5366	5.198599	6.002649	7.124536	9.078222	10.381310
5534.3297	5.161149	5.974181	7.110299	9.055475	10.370808
5566.3064	5.139973	5.946493	7.098936	9.038624	10.335600
5598.4679	5.121136	5.923641	7.067264	9.057001	10.330579
5630.8153	5.063778	5.897697	7.038700	8.977955	10.323929
5663.3495	4.998437	5.845162	6.986209	8.933907	10.319179
5696.0717	4.967343	5.789486	6.970862	8.944339	10.366901
5728.9830	4.916064	5.764999	6.963177	8.969174	10.414496
5762.0845	4.839383	5.730645	6.989602	8.990257	10.466834
5795.3772	4.804343	5.725134	7.013004	9.017498	10.504151
5828.8622	4.754421	5.680607	7.010803	9.043741	10.594567
5862.5408	4.723683	5.664694	6.994244	9.101785	10.644800
5896.4139	4.707097	5.643281	6.983959	9.129125	10.678919
5930.4827	4.679114	5.645165	6.981965	9.124393	10.671313
5964.7484	4.628668	5.639841	6.979126	9.065232	10.611617
5999.2121	4.586354	5.643037	6.957453	9.046456	10.602469
6033.8749	4.566923	5.651709	6.931039	8.987095	10.556346
6068.7380	4.516705	5.607874	6.911536	8.907143	10.481684
6103.8025	4.467613	5.556528	6.869632	8.883645	10.451081
6139.0696	4.387177	5.512125	6.871779	8.896700	10.494537
6174.5405	4.319605	5.494885	6.834296	8.884203	10.579033
6210.2163	4.265163	5.453981	6.835442	8.936092	10.585921
6246.0983	4.261117	5.423802	6.825158	8.955799	10.642380
6282.1875	4.238030	5.392894	6.803578	8.963580	10.660137
6318.4853	4.229895	5.379363	6.789794	8.943384	10.672616
6354.9929	4.163758	5.323999	6.773775	8.967108	10.630554
6391.7113	4.144161	5.252161	6.750114	8.896056	10.593878
6428.6419	4.090154	5.243151	6.752085	8.885087	10.596519
6465.7859	4.101449	5.221425	6.738925	8.949159	10.610542
6503.1445	4.053612	5.194990	6.722297	8.932296	10.595048
6540.7190	3.993605	5.187430	6.736577	8.937908	10.606474
6578.5106	3.919434	5.134832	6.723983	8.984018	10.609415
6616.5205	3.829617	5.080231	6.674273	8.941117	10.601961
6654.7500	3.728725	4.991181	6.617779	8.896065	10.583119
6693.2005	3.598351	4.894270	6.515789	8.854709	10.528211
6731.8730	3.571170	4.832773	6.423663	8.788131	10.436327
6770.7691	3.533857	4.774061	6.369296	8.720864	10.426092
6809.8899	3.478671	4.727155	6.394378	8.669601	10.394515
6849.2367	3.466497	4.708623	6.384647	8.594738	10.383442
6888.8108	3.393476	4.668048	6.373508	8.495951	10.405980
6928.6136	3.334932	4.576841	6.320754	8.435407	10.450554
6968.6464	3.244589	4.519349	6.265350	8.403649	10.451266
7008.9105	3.153205	4.439485	6.210427	8.345282	10.482194
7049.4072	3.062151	4.377180	6.150481	8.238330	10.428411
7090.1379	3.038269	4.293076	6.120827	8.218872	10.346916
7131.1040	2.932022	4.207258	6.058053	8.174240	10.281246
7172.3067	2.830315	4.154080	5.989193	8.049767	10.216661
7213.7475	2.707839	4.103234	5.923181	8.001057	10.162819
7255.4278	2.636657	4.072224	5.876935	7.934615	10.113900
7297.3489	2.571097	4.034687	5.848905	7.871881	10.050442
7339.5121	2.467109	3.946878	5.813751	7.787847	9.921029
7381.9190	2.376341	3.852129	5.767750	7.709756	9.824254
7424.5710	2.260069	3.791751	5.686342	7.694918	9.665976
7467.4693	2.214297	3.751116	5.581398	7.647262	9.500563
7510.6156	2.160458	3.712272	5.531634	7.582031	9.412169
7554.0111	2.035125	3.591554	5.474878	7.511347	9.364118
7597.6574	1.932212	3.473090	5.383039	7.424698	9.273359
7641.5558	1.863237	3.337837	5.295218	7.303736	9.230768
7685.7079	1.728712	3.258508	5.230009	7.178203	9.189742
7730.1151	1.574891	3.123764	5.168362	7.135378	9.146279
7774.7788	1.438781	3.054185	5.112359	6.992658	9.025140
7819.7007	1.317820	2.987512	5.056403	6.898065	8.908281
7864.8821	1.296627	2.895653	4.964743	6.783384	8.798217
7910.3245	1.097418	2.857490	4.869412	6.695128	8.649633
7956.0295	0.989175	2.763275	4.772130	6.588999	8.630904
8001.9986	0.817876	2.637092	4.691565	6.453012	8.538108
8048.2333	0.674067	2.596658	4.570289	6.404643	8.442130
8094.7351	0.523981	2.534833	4.463656	6.320904	8.282079
8141.5056	0.372086	2.397711	4.382981	6.227731	8.074652
8188.5463	0.310564	2.239914	4.274392	6.110273	7.955166
8235.8588	0.079399	2.133906	4.193741	6.050052	7.822944
8283.4447	-0.070911	2.076111	4.084047	5.944440	7.630429
8331.3056	-0.162314	1.969389	4.034639	5.876964	7.476764
8379.4430	-0.338563	1.893277	3.944271	5.820502	7.348880
8427.8585	-0.452022	1.718648	3.883306	5.741866	7.239600
8476.5537	-0.593946	1.595676	3.731257	5.669575	7.110270
8525.5304	-0.685484	1.479612	3.560071	5.565750	6.965647
8574.7899	-0.720173	1.361937	3.454810	5.399728	6.785523
8624.3342	-0.708501	1.192997	3.314595	5.330106	6.742674
8674.1646	-0.988133	1.094235	3.246221	5.286376	6.635254
8724.2830	-1.109783	1.024058	3.154140	5.150671	6.603957
8774.6910	-1.093326	0.938250	3.096821	5.146826	6.585398
8825.3902	-1.144514	0.842355	3.009165	5.043473	6.548636
8876.3823	-1.293341	0.700391	2.917867	4.893479	6.463410
8927.6691	-1.561585	0.652118	2.828743	4.767891	6.365322
8979.2522	-1.773546	0.507179	2.738782	4.600349	6.326223
9031.1334	-1.968230	0.375201	2.668785	4.496078	6.221974
9083.3143	-2.055801	0.249311	2.537145	4.404054	6.146054
9135.7967	-2.176855	0.129297	2.446917	4.333308	6.110097
9188.5823	-2.372703	-0.057046	2.334812	4.265516	5.977116
9241.6730	-2.538359	-0.139304	2.173159	4.184316	5.937588
9295.0704	-2.667335	-0.281666	2.034461	4.028737	5.823176
9348.7763	-2.814886	-0.411118	1.917472	3.899926	5.584908
9402.7925	-2.994742	-0.530289	1.772383	3.811379	5.516207
9457.1208	-3.075223	-0.664284	1.668335	3.746312	5.409002
9511.7630	-3.137207	-0.768637	1.600811	3.601675	5.367746
9566.7210	-3.256354	-0.932463	1.448357	3.477650	5.228045
9621.9964	-3.428197	-1.123133	1.376135	3.313095	5.123052
9677.5913	-3.537484	-1.220997	1.188874	3.168182	5.028399
9733.5074	-3.560558	-1.393780	1.037452	3.092840	4.878111
9789.7465	-3.719219	-1.502025	0.890059	3.059147	4.880113
9846.3106	-3.793284	-1.609626	0.853726	3.000162	4.752960
9903.2015	-3.946589	-1.748309	0.804488	2.913888	4.679626
9960.4212	-4.037780	-1.742737	0.770438	2.918856	4.621089
10017.9714	-4.171754	-1.851704	0.656173	2.916094	4.603870
10075.8541	-4.220645	-1.986535	0.614198	2.899104	4.530712
10134.0713	-4.278520	-2.082649	0.502735	2.819803	4.530434
10192.6249	-4.378618	-2.193680	0.458284	2.751233	4.431239
10251.5168	-4.411850	-2.285937	0.343799	2.681684	4.396777
10310.7489	-4.468380	-2.420336	0.294869	2.583765	4.411941
10370.3233	-4.510085	-2.513203	0.221751	2.499915	4.388481
10430.2419	-4.583076	-2.532962	0.136099	2.491479	4.290263
10490.5068	-4.572633	-2.637685	0.083487	2.404879	4.287274
10551.1198	-4.558646	-2.677272	0.019364	2.344989	4.229158
10612.0830	-4.600169	-2.747165	-0.044677	2.279323	4.161472
10673.3985	-4.702859	-2.831252	-0.126169	2.208144	4.062225
10735.0682	-4.726401	-2.859432	-0.241919	2.186575	4.013835
10797.0943	-4.732213	-2.897001	-0.363205	2.132969	3.947219
10859.4787	-4.739181	-2.940870	-0.428688	2.038226	3.920362
10922.2236	-4.683923	-2.937076	-0.541012	2.010289	3.887366
10985.3310	-4.623924	-2.902305	-0.557018	1.939279	3.817846
11048.8031	-4.608726	-2.917109	-0.586506	1.894193	3.688083
11112.6419	-4.622511	-2.938523	-0.581692	1.831683	3.691512
11176.8495	-4.484758	-2.903983	-0.606051	1.827821	3.632585
11241.4281	-4.444109	-2.897362	-0.538439	1.856031	3.610508
11306.3799	-4.438899	-2.869535	-0.562360	1.763535	3.548842
11371.7069	-4.402792	-2.876483	-0.624553	1.740744	3.524818
11437.4114	-4.392329	-2.885693	-0.673688	1.626046	3.518192
11503.4956	-4.519901	-2.870894	-0.711426	1.599041	3.574778
11569.9615	-4.506631	-2.785700	-0.712280	1.552580	3.530235
11636.8115	-4.416309	-2.801838	-0.681297	1.505186	3.597229
11704.0477	-4.355591	-2.753778	-0.599040	1.587442	3.639305
11771.6724	-4.350296	-2.764586	-0.596973	1.598334	3.673810
11839.6879	-4.400465	-2.734152	-0.539273	1.506814	3.603016
11908.0963	-4.443284	-2.719021	-0.643894	1.380806	3.645982
11976.9000	-4.484066	-2.691820	-0.604074	1.419293	3.605877
12046.1013	-4.489973	-2.643989	-0.530333	1.481926	3.785216
12115.7023	-4.509631	-2.555505	-0.480841	1.638352	3.738811
12185.7055	-4.461568	-2.483489	-0.451811	1.693064	3.616713
12256.1132	-4.414500	-2.489720	-0.494881	1.736753	3.625850
12326.9277	-4.418621	-2.497202	-0.431727	1.755116	3.622502
12398.1514	-4.500110	-2.462441	-0.370887	1.768192	3.662382
12469.7866	-4.474934	-2.338335	-0.324801	1.803642	3.622223
12541.8356	-4.441155	-2.333481	-0.310726	1.851467	3.610594
12614.3010	-4.419588	-2.282375	-0.309182	1.859820	3.646830
12687.1851	-4.434224	-2.263683	-0.252263	1.851450	3.657099
12760.4903	-4.400923	-2.220584	-0.255311	1.834258	3.623049
12834.2190	-4.330339	-2.211582	-0.278034	1.821772	3.639875
12908.3737	-4.252471	-2.193418	-0.292646	1.822472	3.585929
12982.9569	-4.289405	-2.230097	-0.275949	1.762235	3.548326
13057.9710	-4.242440	-2.172389	-0.293097	1.749602	3.595550
13133.4186	-4.228056	-2.149413	-0.288180	1.698502	3.585773
13209.3020	-4.179454	-2.064677	-0.307063	1.728410	3.556564
13285.6240	-4.136043	-2.069284	-0.337866	1.711094	3.510878
13362.3868	-4.201063	-2.041942	-0.351565	1.614444	3.385610
13439.5933	-4.246577	-2.144742	-0.425286	1.522299	3.382530
13517.2458	-4.145700	-2.172884	-0.458687	1.492485	3.357809
13595.3470	-4.079850	-2.216307	-0.428948	1.410800	3.331492
13673.8994	-4.056190	-2.199736	-0.465199	1.367413	3.202682
13752.9057	-4.012872	-2.258419	-0.434341	1.451638	3.183303
13832.3685	-4.000694	-2.325992	-0.477601	1.492255	3.146544
13912.2905	-3.975720	-2.311884	-0.473675	1.505894	3.126782
13992.6742	-3.953587	-2.317186	-0.462849	1.461565	3.145055
14073.5223	-4.011217	-2.308929	-0.446518	1.428829	3.183329
14154.8376	-3.963000	-2.313140	-0.394004	1.372077	3.161702
14236.6227	-3.930423	-2.270652	-0.437809	1.328915	3.103224
14318.8804	-3.859068	-2.240332	-0.452034	1.322456	3.140331
14401.6133	-3.868104	-2.229964	-0.460254	1.325548	3.168040
14484.8243	-3.866713	-2.254303	-0.488043	1.374215	3.185617
14568.5161	-3.750344	-2.267411	-0.540312	1.390933	3.068792
14652.6914	-3.751444	-2.271773	-0.558305	1.414941	3.139504
14737.3530	-3.782863	-2.225507	-0.604303	1.416647	3.159808
14822.5039	-3.782842	-2.304350	-0.600577	1.293163	3.228760
14908.1467	-3.919347	-2.341054	-0.646859	1.259904	3.183823
14994.2843	-3.948686	-2.298250	-0.670742	1.245452	3.168678
15080.9197	-3.899371	-2.362473	-0.705802	1.173614	3.159799
15168.0556	-3.870420	-2.468591	-0.725157	1.147972	3.142713
15255.6950	-3.916651	-2.585349	-0.770682	1.135989	3.085463
15343.8407	-4.036075	-2.625459	-0.881082	1.059526	3.110841
15432.4958	-4.199818	-2.693441	-1.054980	1.099302	3.111710
15521.6631	-4.394010	-2.778945	-1.045337	1.102485	3.096350
15611.3456	-4.486436	-2.892988	-1.141339	1.029740	3.099271
15701.5462	-4.636068	-3.080659	-1.233891	1.064445	3.028408
15792.2681	-4.877388	-3.266098	-1.340746	0.967439	2.961607
15883.5141	-5.188084	-3.491509	-1.480196	0.924860	2.853027
15975.2873	-5.460009	-3.673753	-1.613571	0.841838	2.764412
16067.5908	-5.803184	-3.837475	-1.729579	0.734223	2.691963
16160.4276	-6.109766	-3.961204	-1.889329	0.674969	2.636285
16253.8008	-6.528493	-4.173819	-1.983944	0.600296	2.536621
16347.7135	-6.906420	-4.241172	-2.053664	0.545613	2.453996
16442.1688	-7.095029	-4.270439	-2.079374	0.478109	2.412839
16537.1699	-6.971572	-4.268539	-2.126570	0.457255	2.379311
16632.7199	-6.901538	-4.271324	-2.168074	0.377382	2.339465
16728.8219	-6.750238	-4.295317	-2.205227	0.308425	2.273950
16825.4793	-6.537608	-4.346267	-2.274763	0.213824	2.164158
16922.6951	-6.336480	-4.443979	-2.381141	0.082616	2.014191
17020.4726	-6.383166	-4.596910	-2.536728	-0.081319	1.841255
17118.8150	-6.565049	-4.778793	-2.718611	-0.263202	1.659372
17217.7257	-6.758245	-4.971989	-2.911807	-0.456398	1.466176
17317.2078	-6.958111	-5.171855	-3.111673	-0.656264	1.266310
17417.2648	-7.160022	-5.373766	-3.313584	-0.858175	1.064399
17517.8998	-7.360174	-5.573918	-3.513736	-1.058327	0.864247
17619.1164	-7.554622	-5.768366	-3.708184	-1.252775	0.669799
17720.9177	-7.738224	-5.951968	-3.891786	-1.436377	0.486197
17823.3073	-7.900458	-6.114202	-4.054020	-1.598611	0.323963
17926.2884	-8.038336	-6.252080	-4.191898	-1.736489	0.186085
18029.8646	-8.148779	-6.362523	-4.302341	-1.846932	0.075642
18134.0392	-8.230186	-6.443930	-4.383748	-1.928339	-0.005765
18238.8157	-8.280473	-6.494217	-4.434035	-1.978626	-0.056052
18344.1976	-8.305357	-6.519101	-4.458919	-2.003510	-0.080936
18450.1884	-8.318166	-6.531910	-4.471728	-2.016319	-0.093745
18556.7916	-8.323756	-6.537500	-4.477318	-2.021909	-0.099335
18664.0107	-8.325872	-6.539616	-4.479434	-2.024025	-0.101451
18771.8493	-8.326670	-6.540414	-4.480232	-2.024823	-0.102249
18880.3111	-8.326732	-6.540476	-4.480294	-2.024885	-0.102311
18989.3994	-8.326732	-6.540476	-4.480294	-2.024885	-0.102311
19099.1181	-8.326732	-6.540476	-4.480294	-2.024885	-0.102311
19209.4708	-8.326732	-6.540476	-4.480294	-2.024885	-0.102311
19320.4610	-8.326732	-6.540476	-4.480294	-2.024885	-0.102311
19432.0926	-8.327457	-6.541201	-4.481019	-2.025610	-0.103036
19544.3691	-8.327732	-6.541476	-4.481294	-2.025885	-0.103311
19657.2943	-8.327732	-6.541476	-4.481294	-2.025885	-0.103311
19770.8721	-8.327732	-6.541476	-4.481294	-2.025885	-0.103311
19885.1060	-8.327732	-6.541476	-4.481294	-2.025885	-0.103311
20000.0000	-8.327732	-6.541476	-4.481294	-2.025885	-0.103311
