* DMS Fastgraph population variation export
* Rig: B&K 5128
* Export Type: Variation Band
* Variation Sweeps: 1690
* Percentiles: p0/p10/p25/median/p75/p90/p100 (P10/P90 derived from P25/P75 under a normal assumption)
* Canal Transfer: ISO11904-1.txt, resonance shift sigma 0.06 octaves, 4000 draws
* Listener Normalization: median 0 dB at 1 kHz
* Frequency Extension: held flat below 200 Hz and above 16 kHz
* Population: 845 measured people and 1690 independent ear curves (HUTUBS 96, ARI 263, SONICOM 408, Sound Sphere 2 78)
* Weighting for P25/P50/P75: equal 25 percent influence per corpus; equal person and ear weight within each corpus
* Minimum and maximum: absolute extrema across all 1690 ear curves; corpus weights do not affect extrema
* Direction handling: each ear uses native observed-area spherical weighting; HUTUBS is full sphere; other corpora use measured coverage only
* Frequency range: 200 Hz to 16000 Hz, the common valid band across all four corpora
* Preprocessing: 1/12-octave smoothing; each ear normalized independently by its median from 500 Hz to 2000 Hz
* Source manifests: ari_manifest_sha256=a2614af4bd233e43db26207eba6a71defe2f7e00dfe7333b3e8b02abc8191d4d, hutubs_file_list_sha256=060c54892aef27420ba73e86309235a48c4bea5f58e840c5abc09b14fc42088a, sonicom_manifest_sha256=9ecf309e8c58b35a7bff4718ec9e480b4d3c4ca439009b628b9697f17ad267bf, ss2_manifest_sha256=f9103f4045cb3c7ec14f25e94d5181536e093d0b6903fb6cd64fa96b5c90f4f9
* Generated: 2026-09-27
* Frequency(Hz)	P10(dB)	P25(dB)	Median(dB)	P75(dB)	P90(dB)	P0(dB)	P100(dB)
20.0000	-4.354267	-4.064496	-3.793948	-3.474696	-3.233629	-6.884615	1.970441
20.1156	-4.354267	-4.064496	-3.793948	-3.474696	-3.233629	-6.884615	1.970441
20.2318	-4.354267	-4.064496	-3.793948	-3.474696	-3.233629	-6.884615	1.970441
20.3487	-4.354267	-4.064496	-3.793948	-3.474696	-3.233629	-6.884615	1.970441
20.4663	-4.354267	-4.064496	-3.793948	-3.474696	-3.233629	-6.884615	1.970441
20.5845	-4.354267	-4.064496	-3.793948	-3.474696	-3.233629	-6.884615	1.970441
20.7034	-4.354267	-4.064496	-3.793948	-3.474696	-3.233629	-6.884615	1.970441
20.8231	-4.354267	-4.064496	-3.793948	-3.474696	-3.233629	-6.884615	1.970441
20.9434	-4.354267	-4.064496	-3.793948	-3.474696	-3.233629	-6.884615	1.970441
21.0644	-4.354267	-4.064496	-3.793948	-3.474696	-3.233629	-6.884615	1.970441
21.1861	-4.354267	-4.064496	-3.793948	-3.474696	-3.233629	-6.884615	1.970441
21.3085	-4.354267	-4.064496	-3.793948	-3.474696	-3.233629	-6.884615	1.970441
21.4316	-4.354267	-4.064496	-3.793948	-3.474696	-3.233629	-6.884615	1.970441
21.5555	-4.354267	-4.064496	-3.793948	-3.474696	-3.233629	-6.884615	1.970441
21.6800	-4.354267	-4.064496	-3.793948	-3.474696	-3.233629	-6.884615	1.970441
21.8053	-4.354267	-4.064496	-3.793948	-3.474696	-3.233629	-6.884615	1.970441
21.9312	-4.354267	-4.064496	-3.793948	-3.474696	-3.233629	-6.884615	1.970441
22.0580	-4.354267	-4.064496	-3.793948	-3.474696	-3.233629	-6.884615	1.970441
22.1854	-4.354267	-4.064496	-3.793948	-3.474696	-3.233629	-6.884615	1.970441
22.3136	-4.354267	-4.064496	-3.793948	-3.474696	-3.233629	-6.884615	1.970441
22.4425	-4.354267	-4.064496	-3.793948	-3.474696	-3.233629	-6.884615	1.970441
22.5722	-4.354267	-4.064496	-3.793948	-3.474696	-3.233629	-6.884615	1.970441
22.7026	-4.354267	-4.064496	-3.793948	-3.474696	-3.233629	-6.884615	1.970441
22.8338	-4.354267	-4.064496	-3.793948	-3.474696	-3.233629	-6.884615	1.970441
22.9657	-4.354267	-4.064496	-3.793948	-3.474696	-3.233629	-6.884615	1.970441
23.0984	-4.354267	-4.064496	-3.793948	-3.474696	-3.233629	-6.884615	1.970441
23.2319	-4.354267	-4.064496	-3.793948	-3.474696	-3.233629	-6.884615	1.970441
23.3661	-4.354267	-4.064496	-3.793948	-3.474696	-3.233629	-6.884615	1.970441
23.5011	-4.354267	-4.064496	-3.793948	-3.474696	-3.233629	-6.884615	1.970441
23.6369	-4.354267	-4.064496	-3.793948	-3.474696	-3.233629	-6.884615	1.970441
23.7735	-4.354267	-4.064496	-3.793948	-3.474696	-3.233629	-6.884615	1.970441
23.9108	-4.354267	-4.064496	-3.793948	-3.474696	-3.233629	-6.884615	1.970441
24.0490	-4.354267	-4.064496	-3.793948	-3.474696	-3.233629	-6.884615	1.970441
24.1879	-4.354267	-4.064496	-3.793948	-3.474696	-3.233629	-6.884615	1.970441
24.3277	-4.354267	-4.064496	-3.793948	-3.474696	-3.233629	-6.884615	1.970441
24.4683	-4.354267	-4.064496	-3.793948	-3.474696	-3.233629	-6.884615	1.970441
24.6096	-4.354267	-4.064496	-3.793948	-3.474696	-3.233629	-6.884615	1.970441
24.7518	-4.354267	-4.064496	-3.793948	-3.474696	-3.233629	-6.884615	1.970441
24.8948	-4.354267	-4.064496	-3.793948	-3.474696	-3.233629	-6.884615	1.970441
25.0387	-4.354267	-4.064496	-3.793948	-3.474696	-3.233629	-6.884615	1.970441
25.1833	-4.354267	-4.064496	-3.793948	-3.474696	-3.233629	-6.884615	1.970441
25.3289	-4.354267	-4.064496	-3.793948	-3.474696	-3.233629	-6.884615	1.970441
25.4752	-4.354267	-4.064496	-3.793948	-3.474696	-3.233629	-6.884615	1.970441
25.6224	-4.354267	-4.064496	-3.793948	-3.474696	-3.233629	-6.884615	1.970441
25.7704	-4.354267	-4.064496	-3.793948	-3.474696	-3.233629	-6.884615	1.970441
25.9193	-4.354267	-4.064496	-3.793948	-3.474696	-3.233629	-6.884615	1.970441
26.0691	-4.354267	-4.064496	-3.793948	-3.474696	-3.233629	-6.884615	1.970441
26.2197	-4.354267	-4.064496	-3.793948	-3.474696	-3.233629	-6.884615	1.970441
26.3712	-4.354267	-4.064496	-3.793948	-3.474696	-3.233629	-6.884615	1.970441
26.5236	-4.354267	-4.064496	-3.793948	-3.474696	-3.233629	-6.884615	1.970441
26.6768	-4.354267	-4.064496	-3.793948	-3.474696	-3.233629	-6.884615	1.970441
26.8310	-4.354267	-4.064496	-3.793948	-3.474696	-3.233629	-6.884615	1.970441
26.9860	-4.354267	-4.064496	-3.793948	-3.474696	-3.233629	-6.884615	1.970441
27.1419	-4.354267	-4.064496	-3.793948	-3.474696	-3.233629	-6.884615	1.970441
27.2987	-4.354267	-4.064496	-3.793948	-3.474696	-3.233629	-6.884615	1.970441
27.4565	-4.354267	-4.064496	-3.793948	-3.474696	-3.233629	-6.884615	1.970441
27.6151	-4.354267	-4.064496	-3.793948	-3.474696	-3.233629	-6.884615	1.970441
27.7747	-4.354267	-4.064496	-3.793948	-3.474696	-3.233629	-6.884615	1.970441
27.9351	-4.354267	-4.064496	-3.793948	-3.474696	-3.233629	-6.884615	1.970441
28.0966	-4.354267	-4.064496	-3.793948	-3.474696	-3.233629	-6.884615	1.970441
28.2589	-4.354267	-4.064496	-3.793948	-3.474696	-3.233629	-6.884615	1.970441
28.4222	-4.354267	-4.064496	-3.793948	-3.474696	-3.233629	-6.884615	1.970441
28.5864	-4.354267	-4.064496	-3.793948	-3.474696	-3.233629	-6.884615	1.970441
28.7516	-4.354267	-4.064496	-3.793948	-3.474696	-3.233629	-6.884615	1.970441
28.9177	-4.354267	-4.064496	-3.793948	-3.474696	-3.233629	-6.884615	1.970441
29.0848	-4.354267	-4.064496	-3.793948	-3.474696	-3.233629	-6.884615	1.970441
29.2528	-4.354267	-4.064496	-3.793948	-3.474696	-3.233629	-6.884615	1.970441
29.4218	-4.354267	-4.064496	-3.793948	-3.474696	-3.233629	-6.884615	1.970441
29.5918	-4.354267	-4.064496	-3.793948	-3.474696	-3.233629	-6.884615	1.970441
29.7628	-4.354267	-4.064496	-3.793948	-3.474696	-3.233629	-6.884615	1.970441
29.9348	-4.354267	-4.064496	-3.793948	-3.474696	-3.233629	-6.884615	1.970441
30.1077	-4.354267	-4.064496	-3.793948	-3.474696	-3.233629	-6.884615	1.970441
30.2817	-4.354267	-4.064496	-3.793948	-3.474696	-3.233629	-6.884615	1.970441
30.4567	-4.354267	-4.064496	-3.793948	-3.474696	-3.233629	-6.884615	1.970441
30.6326	-4.354267	-4.064496	-3.793948	-3.474696	-3.233629	-6.884615	1.970441
30.8096	-4.354267	-4.064496	-3.793948	-3.474696	-3.233629	-6.884615	1.970441
30.9876	-4.354267	-4.064496	-3.793948	-3.474696	-3.233629	-6.884615	1.970441
31.1667	-4.354267	-4.064496	-3.793948	-3.474696	-3.233629	-6.884615	1.970441
31.3468	-4.354267	-4.064496	-3.793948	-3.474696	-3.233629	-6.884615	1.970441
31.5279	-4.354267	-4.064496	-3.793948	-3.474696	-3.233629	-6.884615	1.970441
31.7100	-4.354267	-4.064496	-3.793948	-3.474696	-3.233629	-6.884615	1.970441
31.8933	-4.354267	-4.064496	-3.793948	-3.474696	-3.233629	-6.884615	1.970441
32.0775	-4.354267	-4.064496	-3.793948	-3.474696	-3.233629	-6.884615	1.970441
32.2629	-4.354267	-4.064496	-3.793948	-3.474696	-3.233629	-6.884615	1.970441
32.4493	-4.354267	-4.064496	-3.793948	-3.474696	-3.233629	-6.884615	1.970441
32.6368	-4.354267	-4.064496	-3.793948	-3.474696	-3.233629	-6.884615	1.970441
32.8253	-4.354267	-4.064496	-3.793948	-3.474696	-3.233629	-6.884615	1.970441
33.0150	-4.354267	-4.064496	-3.793948	-3.474696	-3.233629	-6.884615	1.970441
33.2058	-4.354267	-4.064496	-3.793948	-3.474696	-3.233629	-6.884615	1.970441
33.3976	-4.354267	-4.064496	-3.793948	-3.474696	-3.233629	-6.884615	1.970441
33.5906	-4.354267	-4.064496	-3.793948	-3.474696	-3.233629	-6.884615	1.970441
33.7847	-4.354267	-4.064496	-3.793948	-3.474696	-3.233629	-6.884615	1.970441
33.9799	-4.354267	-4.064496	-3.793948	-3.474696	-3.233629	-6.884615	1.970441
34.1762	-4.354267	-4.064496	-3.793948	-3.474696	-3.233629	-6.884615	1.970441
34.3737	-4.354267	-4.064496	-3.793948	-3.474696	-3.233629	-6.884615	1.970441
34.5723	-4.354267	-4.064496	-3.793948	-3.474696	-3.233629	-6.884615	1.970441
34.7720	-4.354267	-4.064496	-3.793948	-3.474696	-3.233629	-6.884615	1.970441
34.9729	-4.354267	-4.064496	-3.793948	-3.474696	-3.233629	-6.884615	1.970441
35.1750	-4.354267	-4.064496	-3.793948	-3.474696	-3.233629	-6.884615	1.970441
35.3783	-4.354267	-4.064496	-3.793948	-3.474696	-3.233629	-6.884615	1.970441
35.5827	-4.354267	-4.064496	-3.793948	-3.474696	-3.233629	-6.884615	1.970441
35.7883	-4.354267	-4.064496	-3.793948	-3.474696	-3.233629	-6.884615	1.970441
35.9950	-4.354267	-4.064496	-3.793948	-3.474696	-3.233629	-6.884615	1.970441
36.2030	-4.354267	-4.064496	-3.793948	-3.474696	-3.233629	-6.884615	1.970441
36.4122	-4.354267	-4.064496	-3.793948	-3.474696	-3.233629	-6.884615	1.970441
36.6226	-4.354267	-4.064496	-3.793948	-3.474696	-3.233629	-6.884615	1.970441
36.8342	-4.354267	-4.064496	-3.793948	-3.474696	-3.233629	-6.884615	1.970441
37.0470	-4.354267	-4.064496	-3.793948	-3.474696	-3.233629	-6.884615	1.970441
37.2611	-4.354267	-4.064496	-3.793948	-3.474696	-3.233629	-6.884615	1.970441
37.4763	-4.354267	-4.064496	-3.793948	-3.474696	-3.233629	-6.884615	1.970441
37.6929	-4.354267	-4.064496	-3.793948	-3.474696	-3.233629	-6.884615	1.970441
37.9107	-4.354267	-4.064496	-3.793948	-3.474696	-3.233629	-6.884615	1.970441
38.1297	-4.354267	-4.064496	-3.793948	-3.474696	-3.233629	-6.884615	1.970441
38.3500	-4.354267	-4.064496	-3.793948	-3.474696	-3.233629	-6.884615	1.970441
38.5716	-4.354267	-4.064496	-3.793948	-3.474696	-3.233629	-6.884615	1.970441
38.7945	-4.354267	-4.064496	-3.793948	-3.474696	-3.233629	-6.884615	1.970441
39.0186	-4.354267	-4.064496	-3.793948	-3.474696	-3.233629	-6.884615	1.970441
39.2441	-4.354267	-4.064496	-3.793948	-3.474696	-3.233629	-6.884615	1.970441
39.4708	-4.354267	-4.064496	-3.793948	-3.474696	-3.233629	-6.884615	1.970441
39.6989	-4.354267	-4.064496	-3.793948	-3.474696	-3.233629	-6.884615	1.970441
39.9282	-4.354267	-4.064496	-3.793948	-3.474696	-3.233629	-6.884615	1.970441
40.1589	-4.354267	-4.064496	-3.793948	-3.474696	-3.233629	-6.884615	1.970441
40.3910	-4.354267	-4.064496	-3.793948	-3.474696	-3.233629	-6.884615	1.970441
40.6244	-4.354267	-4.064496	-3.793948	-3.474696	-3.233629	-6.884615	1.970441
40.8591	-4.354267	-4.064496	-3.793948	-3.474696	-3.233629	-6.884615	1.970441
41.0952	-4.354267	-4.064496	-3.793948	-3.474696	-3.233629	-6.884615	1.970441
41.3326	-4.354267	-4.064496	-3.793948	-3.474696	-3.233629	-6.884615	1.970441
41.5714	-4.354267	-4.064496	-3.793948	-3.474696	-3.233629	-6.884615	1.970441
41.8116	-4.354267	-4.064496	-3.793948	-3.474696	-3.233629	-6.884615	1.970441
42.0532	-4.354267	-4.064496	-3.793948	-3.474696	-3.233629	-6.884615	1.970441
42.2962	-4.354267	-4.064496	-3.793948	-3.474696	-3.233629	-6.884615	1.970441
42.5406	-4.354267	-4.064496	-3.793948	-3.474696	-3.233629	-6.884615	1.970441
42.7863	-4.354267	-4.064496	-3.793948	-3.474696	-3.233629	-6.884615	1.970441
43.0336	-4.354267	-4.064496	-3.793948	-3.474696	-3.233629	-6.884615	1.970441
43.2822	-4.354267	-4.064496	-3.793948	-3.474696	-3.233629	-6.884615	1.970441
43.5323	-4.354267	-4.064496	-3.793948	-3.474696	-3.233629	-6.884615	1.970441
43.7838	-4.354267	-4.064496	-3.793948	-3.474696	-3.233629	-6.884615	1.970441
44.0368	-4.354267	-4.064496	-3.793948	-3.474696	-3.233629	-6.884615	1.970441
44.2912	-4.354267	-4.064496	-3.793948	-3.474696	-3.233629	-6.884615	1.970441
44.5471	-4.354267	-4.064496	-3.793948	-3.474696	-3.233629	-6.884615	1.970441
44.8045	-4.354267	-4.064496	-3.793948	-3.474696	-3.233629	-6.884615	1.970441
45.0634	-4.354267	-4.064496	-3.793948	-3.474696	-3.233629	-6.884615	1.970441
45.3238	-4.354267	-4.064496	-3.793948	-3.474696	-3.233629	-6.884615	1.970441
45.5857	-4.354267	-4.064496	-3.793948	-3.474696	-3.233629	-6.884615	1.970441
45.8490	-4.354267	-4.064496	-3.793948	-3.474696	-3.233629	-6.884615	1.970441
46.1140	-4.354267	-4.064496	-3.793948	-3.474696	-3.233629	-6.884615	1.970441
46.3804	-4.354267	-4.064496	-3.793948	-3.474696	-3.233629	-6.884615	1.970441
46.6484	-4.354267	-4.064496	-3.793948	-3.474696	-3.233629	-6.884615	1.970441
46.9179	-4.354267	-4.064496	-3.793948	-3.474696	-3.233629	-6.884615	1.970441
47.1890	-4.354267	-4.064496	-3.793948	-3.474696	-3.233629	-6.884615	1.970441
47.4616	-4.354267	-4.064496	-3.793948	-3.474696	-3.233629	-6.884615	1.970441
47.7359	-4.354267	-4.064496	-3.793948	-3.474696	-3.233629	-6.884615	1.970441
48.0117	-4.354267	-4.064496	-3.793948	-3.474696	-3.233629	-6.884615	1.970441
48.2891	-4.354267	-4.064496	-3.793948	-3.474696	-3.233629	-6.884615	1.970441
48.5681	-4.354267	-4.064496	-3.793948	-3.474696	-3.233629	-6.884615	1.970441
48.8487	-4.354267	-4.064496	-3.793948	-3.474696	-3.233629	-6.884615	1.970441
49.1310	-4.354267	-4.064496	-3.793948	-3.474696	-3.233629	-6.884615	1.970441
49.4148	-4.354267	-4.064496	-3.793948	-3.474696	-3.233629	-6.884615	1.970441
49.7003	-4.354267	-4.064496	-3.793948	-3.474696	-3.233629	-6.884615	1.970441
49.9875	-4.354267	-4.064496	-3.793948	-3.474696	-3.233629	-6.884615	1.970441
50.2763	-4.354267	-4.064496	-3.793948	-3.474696	-3.233629	-6.884615	1.970441
50.5668	-4.354267	-4.064496	-3.793948	-3.474696	-3.233629	-6.884615	1.970441
50.8590	-4.354267	-4.064496	-3.793948	-3.474696	-3.233629	-6.884615	1.970441
51.1529	-4.354267	-4.064496	-3.793948	-3.474696	-3.233629	-6.884615	1.970441
51.4484	-4.354267	-4.064496	-3.793948	-3.474696	-3.233629	-6.884615	1.970441
51.7457	-4.354267	-4.064496	-3.793948	-3.474696	-3.233629	-6.884615	1.970441
52.0447	-4.354267	-4.064496	-3.793948	-3.474696	-3.233629	-6.884615	1.970441
52.3454	-4.354267	-4.064496	-3.793948	-3.474696	-3.233629	-6.884615	1.970441
52.6478	-4.354267	-4.064496	-3.793948	-3.474696	-3.233629	-6.884615	1.970441
52.9520	-4.354267	-4.064496	-3.793948	-3.474696	-3.233629	-6.884615	1.970441
53.2580	-4.354267	-4.064496	-3.793948	-3.474696	-3.233629	-6.884615	1.970441
53.5657	-4.354267	-4.064496	-3.793948	-3.474696	-3.233629	-6.884615	1.970441
53.8752	-4.354267	-4.064496	-3.793948	-3.474696	-3.233629	-6.884615	1.970441
54.1865	-4.354267	-4.064496	-3.793948	-3.474696	-3.233629	-6.884615	1.970441
54.4995	-4.354267	-4.064496	-3.793948	-3.474696	-3.233629	-6.884615	1.970441
54.8144	-4.354267	-4.064496	-3.793948	-3.474696	-3.233629	-6.884615	1.970441
55.1311	-4.354267	-4.064496	-3.793948	-3.474696	-3.233629	-6.884615	1.970441
55.4497	-4.354267	-4.064496	-3.793948	-3.474696	-3.233629	-6.884615	1.970441
55.7701	-4.354267	-4.064496	-3.793948	-3.474696	-3.233629	-6.884615	1.970441
56.0923	-4.354267	-4.064496	-3.793948	-3.474696	-3.233629	-6.884615	1.970441
56.4164	-4.354267	-4.064496	-3.793948	-3.474696	-3.233629	-6.884615	1.970441
56.7424	-4.354267	-4.064496	-3.793948	-3.474696	-3.233629	-6.884615	1.970441
57.0702	-4.354267	-4.064496	-3.793948	-3.474696	-3.233629	-6.884615	1.970441
57.4000	-4.354267	-4.064496	-3.793948	-3.474696	-3.233629	-6.884615	1.970441
57.7316	-4.354267	-4.064496	-3.793948	-3.474696	-3.233629	-6.884615	1.970441
58.0652	-4.354267	-4.064496	-3.793948	-3.474696	-3.233629	-6.884615	1.970441
58.4007	-4.354267	-4.064496	-3.793948	-3.474696	-3.233629	-6.884615	1.970441
58.7381	-4.354267	-4.064496	-3.793948	-3.474696	-3.233629	-6.884615	1.970441
59.0775	-4.354267	-4.064496	-3.793948	-3.474696	-3.233629	-6.884615	1.970441
59.4188	-4.354267	-4.064496	-3.793948	-3.474696	-3.233629	-6.884615	1.970441
59.7621	-4.354267	-4.064496	-3.793948	-3.474696	-3.233629	-6.884615	1.970441
60.1074	-4.354267	-4.064496	-3.793948	-3.474696	-3.233629	-6.884615	1.970441
60.4547	-4.354267	-4.064496	-3.793948	-3.474696	-3.233629	-6.884615	1.970441
60.8040	-4.354267	-4.064496	-3.793948	-3.474696	-3.233629	-6.884615	1.970441
61.1554	-4.354267	-4.064496	-3.793948	-3.474696	-3.233629	-6.884615	1.970441
61.5087	-4.354267	-4.064496	-3.793948	-3.474696	-3.233629	-6.884615	1.970441
61.8641	-4.354267	-4.064496	-3.793948	-3.474696	-3.233629	-6.884615	1.970441
62.2215	-4.354267	-4.064496	-3.793948	-3.474696	-3.233629	-6.884615	1.970441
62.5810	-4.354267	-4.064496	-3.793948	-3.474696	-3.233629	-6.884615	1.970441
62.9426	-4.354267	-4.064496	-3.793948	-3.474696	-3.233629	-6.884615	1.970441
63.3063	-4.354267	-4.064496	-3.793948	-3.474696	-3.233629	-6.884615	1.970441
63.6721	-4.354267	-4.064496	-3.793948	-3.474696	-3.233629	-6.884615	1.970441
64.0400	-4.354267	-4.064496	-3.793948	-3.474696	-3.233629	-6.884615	1.970441
64.4100	-4.354267	-4.064496	-3.793948	-3.474696	-3.233629	-6.884615	1.970441
64.7821	-4.354267	-4.064496	-3.793948	-3.474696	-3.233629	-6.884615	1.970441
65.1565	-4.354267	-4.064496	-3.793948	-3.474696	-3.233629	-6.884615	1.970441
65.5329	-4.354267	-4.064496	-3.793948	-3.474696	-3.233629	-6.884615	1.970441
65.9116	-4.354267	-4.064496	-3.793948	-3.474696	-3.233629	-6.884615	1.970441
66.2924	-4.354267	-4.064496	-3.793948	-3.474696	-3.233629	-6.884615	1.970441
66.6754	-4.354267	-4.064496	-3.793948	-3.474696	-3.233629	-6.884615	1.970441
67.0607	-4.354267	-4.064496	-3.793948	-3.474696	-3.233629	-6.884615	1.970441
67.4481	-4.354267	-4.064496	-3.793948	-3.474696	-3.233629	-6.884615	1.970441
67.8378	-4.354267	-4.064496	-3.793948	-3.474696	-3.233629	-6.884615	1.970441
68.2298	-4.354267	-4.064496	-3.793948	-3.474696	-3.233629	-6.884615	1.970441
68.6240	-4.354267	-4.064496	-3.793948	-3.474696	-3.233629	-6.884615	1.970441
69.0205	-4.354267	-4.064496	-3.793948	-3.474696	-3.233629	-6.884615	1.970441
69.4193	-4.354267	-4.064496	-3.793948	-3.474696	-3.233629	-6.884615	1.970441
69.8204	-4.354267	-4.064496	-3.793948	-3.474696	-3.233629	-6.884615	1.970441
70.2238	-4.354267	-4.064496	-3.793948	-3.474696	-3.233629	-6.884615	1.970441
70.6296	-4.354267	-4.064496	-3.793948	-3.474696	-3.233629	-6.884615	1.970441
71.0377	-4.354267	-4.064496	-3.793948	-3.474696	-3.233629	-6.884615	1.970441
71.4481	-4.354267	-4.064496	-3.793948	-3.474696	-3.233629	-6.884615	1.970441
71.8609	-4.354267	-4.064496	-3.793948	-3.474696	-3.233629	-6.884615	1.970441
72.2761	-4.354267	-4.064496	-3.793948	-3.474696	-3.233629	-6.884615	1.970441
72.6937	-4.354267	-4.064496	-3.793948	-3.474696	-3.233629	-6.884615	1.970441
73.1138	-4.354267	-4.064496	-3.793948	-3.474696	-3.233629	-6.884615	1.970441
73.5362	-4.354267	-4.064496	-3.793948	-3.474696	-3.233629	-6.884615	1.970441
73.9611	-4.354267	-4.064496	-3.793948	-3.474696	-3.233629	-6.884615	1.970441
74.3884	-4.354267	-4.064496	-3.793948	-3.474696	-3.233629	-6.884615	1.970441
74.8182	-4.354267	-4.064496	-3.793948	-3.474696	-3.233629	-6.884615	1.970441
75.2505	-4.354267	-4.064496	-3.793948	-3.474696	-3.233629	-6.884615	1.970441
75.6853	-4.354267	-4.064496	-3.793948	-3.474696	-3.233629	-6.884615	1.970441
76.1226	-4.354267	-4.064496	-3.793948	-3.474696	-3.233629	-6.884615	1.970441
76.5624	-4.354267	-4.064496	-3.793948	-3.474696	-3.233629	-6.884615	1.970441
77.0048	-4.354267	-4.064496	-3.793948	-3.474696	-3.233629	-6.884615	1.970441
77.4497	-4.354267	-4.064496	-3.793948	-3.474696	-3.233629	-6.884615	1.970441
77.8972	-4.354267	-4.064496	-3.793948	-3.474696	-3.233629	-6.884615	1.970441
78.3473	-4.354267	-4.064496	-3.793948	-3.474696	-3.233629	-6.884615	1.970441
78.8000	-4.354267	-4.064496	-3.793948	-3.474696	-3.233629	-6.884615	1.970441
79.2553	-4.354267	-4.064496	-3.793948	-3.474696	-3.233629	-6.884615	1.970441
79.7132	-4.354267	-4.064496	-3.793948	-3.474696	-3.233629	-6.884615	1.970441
80.1738	-4.354267	-4.064496	-3.793948	-3.474696	-3.233629	-6.884615	1.970441
80.6370	-4.354267	-4.064496	-3.793948	-3.474696	-3.233629	-6.884615	1.970441
81.1030	-4.354267	-4.064496	-3.793948	-3.474696	-3.233629	-6.884615	1.970441
81.5716	-4.354267	-4.064496	-3.793948	-3.474696	-3.233629	-6.884615	1.970441
82.0429	-4.354267	-4.064496	-3.793948	-3.474696	-3.233629	-6.884615	1.970441
82.5169	-4.354267	-4.064496	-3.793948	-3.474696	-3.233629	-6.884615	1.970441
82.9937	-4.354267	-4.064496	-3.793948	-3.474696	-3.233629	-6.884615	1.970441
83.4732	-4.354267	-4.064496	-3.793948	-3.474696	-3.233629	-6.884615	1.970441
83.9555	-4.354267	-4.064496	-3.793948	-3.474696	-3.233629	-6.884615	1.970441
84.4406	-4.354267	-4.064496	-3.793948	-3.474696	-3.233629	-6.884615	1.970441
84.9285	-4.354267	-4.064496	-3.793948	-3.474696	-3.233629	-6.884615	1.970441
85.4192	-4.354267	-4.064496	-3.793948	-3.474696	-3.233629	-6.884615	1.970441
85.9127	-4.354267	-4.064496	-3.793948	-3.474696	-3.233629	-6.884615	1.970441
86.4091	-4.354267	-4.064496	-3.793948	-3.474696	-3.233629	-6.884615	1.970441
86.9084	-4.354267	-4.064496	-3.793948	-3.474696	-3.233629	-6.884615	1.970441
87.4105	-4.354267	-4.064496	-3.793948	-3.474696	-3.233629	-6.884615	1.970441
87.9156	-4.354267	-4.064496	-3.793948	-3.474696	-3.233629	-6.884615	1.970441
88.4235	-4.354267	-4.064496	-3.793948	-3.474696	-3.233629	-6.884615	1.970441
88.9345	-4.354267	-4.064496	-3.793948	-3.474696	-3.233629	-6.884615	1.970441
89.4483	-4.354267	-4.064496	-3.793948	-3.474696	-3.233629	-6.884615	1.970441
89.9651	-4.354267	-4.064496	-3.793948	-3.474696	-3.233629	-6.884615	1.970441
90.4849	-4.354267	-4.064496	-3.793948	-3.474696	-3.233629	-6.884615	1.970441
91.0077	-4.354267	-4.064496	-3.793948	-3.474696	-3.233629	-6.884615	1.970441
91.5336	-4.354267	-4.064496	-3.793948	-3.474696	-3.233629	-6.884615	1.970441
92.0625	-4.354267	-4.064496	-3.793948	-3.474696	-3.233629	-6.884615	1.970441
92.5944	-4.354267	-4.064496	-3.793948	-3.474696	-3.233629	-6.884615	1.970441
93.1294	-4.354267	-4.064496	-3.793948	-3.474696	-3.233629	-6.884615	1.970441
93.6675	-4.354267	-4.064496	-3.793948	-3.474696	-3.233629	-6.884615	1.970441
94.2087	-4.354267	-4.064496	-3.793948	-3.474696	-3.233629	-6.884615	1.970441
94.7530	-4.354267	-4.064496	-3.793948	-3.474696	-3.233629	-6.884615	1.970441
95.3005	-4.354267	-4.064496	-3.793948	-3.474696	-3.233629	-6.884615	1.970441
95.8511	-4.354267	-4.064496	-3.793948	-3.474696	-3.233629	-6.884615	1.970441
96.4049	-4.354267	-4.064496	-3.793948	-3.474696	-3.233629	-6.884615	1.970441
96.9619	-4.354267	-4.064496	-3.793948	-3.474696	-3.233629	-6.884615	1.970441
97.5222	-4.354267	-4.064496	-3.793948	-3.474696	-3.233629	-6.884615	1.970441
98.0857	-4.354267	-4.064496	-3.793948	-3.474696	-3.233629	-6.884615	1.970441
98.6524	-4.354267	-4.064496	-3.793948	-3.474696	-3.233629	-6.884615	1.970441
99.2224	-4.354267	-4.064496	-3.793948	-3.474696	-3.233629	-6.884615	1.970441
99.7957	-4.354267	-4.064496	-3.793948	-3.474696	-3.233629	-6.884615	1.970441
100.3723	-4.354267	-4.064496	-3.793948	-3.474696	-3.233629	-6.884615	1.970441
100.9522	-4.354267	-4.064496	-3.793948	-3.474696	-3.233629	-6.884615	1.970441
101.5355	-4.354267	-4.064496	-3.793948	-3.474696	-3.233629	-6.884615	1.970441
102.1222	-4.354267	-4.064496	-3.793948	-3.474696	-3.233629	-6.884615	1.970441
102.7122	-4.354267	-4.064496	-3.793948	-3.474696	-3.233629	-6.884615	1.970441
103.3057	-4.354267	-4.064496	-3.793948	-3.474696	-3.233629	-6.884615	1.970441
103.9026	-4.354267	-4.064496	-3.793948	-3.474696	-3.233629	-6.884615	1.970441
104.5029	-4.354267	-4.064496	-3.793948	-3.474696	-3.233629	-6.884615	1.970441
105.1067	-4.354267	-4.064496	-3.793948	-3.474696	-3.233629	-6.884615	1.970441
105.7140	-4.354267	-4.064496	-3.793948	-3.474696	-3.233629	-6.884615	1.970441
106.3248	-4.354267	-4.064496	-3.793948	-3.474696	-3.233629	-6.884615	1.970441
106.9392	-4.354267	-4.064496	-3.793948	-3.474696	-3.233629	-6.884615	1.970441
107.5570	-4.354267	-4.064496	-3.793948	-3.474696	-3.233629	-6.884615	1.970441
108.1785	-4.354267	-4.064496	-3.793948	-3.474696	-3.233629	-6.884615	1.970441
108.8035	-4.354267	-4.064496	-3.793948	-3.474696	-3.233629	-6.884615	1.970441
109.4322	-4.354267	-4.064496	-3.793948	-3.474696	-3.233629	-6.884615	1.970441
110.0645	-4.354267	-4.064496	-3.793948	-3.474696	-3.233629	-6.884615	1.970441
110.7004	-4.354267	-4.064496	-3.793948	-3.474696	-3.233629	-6.884615	1.970441
111.3400	-4.354267	-4.064496	-3.793948	-3.474696	-3.233629	-6.884615	1.970441
111.9833	-4.354267	-4.064496	-3.793948	-3.474696	-3.233629	-6.884615	1.970441
112.6304	-4.354267	-4.064496	-3.793948	-3.474696	-3.233629	-6.884615	1.970441
113.2811	-4.354267	-4.064496	-3.793948	-3.474696	-3.233629	-6.884615	1.970441
113.9357	-4.354267	-4.064496	-3.793948	-3.474696	-3.233629	-6.884615	1.970441
114.5940	-4.354267	-4.064496	-3.793948	-3.474696	-3.233629	-6.884615	1.970441
115.2561	-4.354267	-4.064496	-3.793948	-3.474696	-3.233629	-6.884615	1.970441
115.9220	-4.354267	-4.064496	-3.793948	-3.474696	-3.233629	-6.884615	1.970441
116.5918	-4.354267	-4.064496	-3.793948	-3.474696	-3.233629	-6.884615	1.970441
117.2655	-4.354267	-4.064496	-3.793948	-3.474696	-3.233629	-6.884615	1.970441
117.9430	-4.354267	-4.064496	-3.793948	-3.474696	-3.233629	-6.884615	1.970441
118.6245	-4.354267	-4.064496	-3.793948	-3.474696	-3.233629	-6.884615	1.970441
119.3099	-4.354267	-4.064496	-3.793948	-3.474696	-3.233629	-6.884615	1.970441
119.9992	-4.354267	-4.064496	-3.793948	-3.474696	-3.233629	-6.884615	1.970441
120.6926	-4.354267	-4.064496	-3.793948	-3.474696	-3.233629	-6.884615	1.970441
121.3899	-4.354267	-4.064496	-3.793948	-3.474696	-3.233629	-6.884615	1.970441
122.0913	-4.354267	-4.064496	-3.793948	-3.474696	-3.233629	-6.884615	1.970441
122.7967	-4.354267	-4.064496	-3.793948	-3.474696	-3.233629	-6.884615	1.970441
123.5062	-4.354267	-4.064496	-3.793948	-3.474696	-3.233629	-6.884615	1.970441
124.2198	-4.354267	-4.064496	-3.793948	-3.474696	-3.233629	-6.884615	1.970441
124.9376	-4.354267	-4.064496	-3.793948	-3.474696	-3.233629	-6.884615	1.970441
125.6594	-4.354267	-4.064496	-3.793948	-3.474696	-3.233629	-6.884615	1.970441
126.3855	-4.354267	-4.064496	-3.793948	-3.474696	-3.233629	-6.884615	1.970441
127.1157	-4.354267	-4.064496	-3.793948	-3.474696	-3.233629	-6.884615	1.970441
127.8502	-4.354267	-4.064496	-3.793948	-3.474696	-3.233629	-6.884615	1.970441
128.5889	-4.354267	-4.064496	-3.793948	-3.474696	-3.233629	-6.884615	1.970441
129.3319	-4.354267	-4.064496	-3.793948	-3.474696	-3.233629	-6.884615	1.970441
130.0791	-4.354267	-4.064496	-3.793948	-3.474696	-3.233629	-6.884615	1.970441
130.8307	-4.354267	-4.064496	-3.793948	-3.474696	-3.233629	-6.884615	1.970441
131.5866	-4.354267	-4.064496	-3.793948	-3.474696	-3.233629	-6.884615	1.970441
132.3469	-4.354267	-4.064496	-3.793948	-3.474696	-3.233629	-6.884615	1.970441
133.1116	-4.354267	-4.064496	-3.793948	-3.474696	-3.233629	-6.884615	1.970441
133.8807	-4.354267	-4.064496	-3.793948	-3.474696	-3.233629	-6.884615	1.970441
134.6543	-4.354267	-4.064496	-3.793948	-3.474696	-3.233629	-6.884615	1.970441
135.4323	-4.354267	-4.064496	-3.793948	-3.474696	-3.233629	-6.884615	1.970441
136.2148	-4.354267	-4.064496	-3.793948	-3.474696	-3.233629	-6.884615	1.970441
137.0018	-4.354267	-4.064496	-3.793948	-3.474696	-3.233629	-6.884615	1.970441
137.7934	-4.354267	-4.064496	-3.793948	-3.474696	-3.233629	-6.884615	1.970441
138.5896	-4.354267	-4.064496	-3.793948	-3.474696	-3.233629	-6.884615	1.970441
139.3903	-4.354267	-4.064496	-3.793948	-3.474696	-3.233629	-6.884615	1.970441
140.1957	-4.354267	-4.064496	-3.793948	-3.474696	-3.233629	-6.884615	1.970441
141.0058	-4.354267	-4.064496	-3.793948	-3.474696	-3.233629	-6.884615	1.970441
141.8205	-4.354267	-4.064496	-3.793948	-3.474696	-3.233629	-6.884615	1.970441
142.6399	-4.354267	-4.064496	-3.793948	-3.474696	-3.233629	-6.884615	1.970441
143.4641	-4.354267	-4.064496	-3.793948	-3.474696	-3.233629	-6.884615	1.970441
144.2930	-4.354267	-4.064496	-3.793948	-3.474696	-3.233629	-6.884615	1.970441
145.1267	-4.354267	-4.064496	-3.793948	-3.474696	-3.233629	-6.884615	1.970441
145.9652	-4.354267	-4.064496	-3.793948	-3.474696	-3.233629	-6.884615	1.970441
146.8086	-4.354267	-4.064496	-3.793948	-3.474696	-3.233629	-6.884615	1.970441
147.6568	-4.354267	-4.064496	-3.793948	-3.474696	-3.233629	-6.884615	1.970441
148.5100	-4.354267	-4.064496	-3.793948	-3.474696	-3.233629	-6.884615	1.970441
149.3680	-4.354267	-4.064496	-3.793948	-3.474696	-3.233629	-6.884615	1.970441
150.2311	-4.354267	-4.064496	-3.793948	-3.474696	-3.233629	-6.884615	1.970441
151.0991	-4.354267	-4.064496	-3.793948	-3.474696	-3.233629	-6.884615	1.970441
151.9721	-4.354267	-4.064496	-3.793948	-3.474696	-3.233629	-6.884615	1.970441
152.8502	-4.354267	-4.064496	-3.793948	-3.474696	-3.233629	-6.884615	1.970441
153.7334	-4.354267	-4.064496	-3.793948	-3.474696	-3.233629	-6.884615	1.970441
154.6216	-4.354267	-4.064496	-3.793948	-3.474696	-3.233629	-6.884615	1.970441
155.5150	-4.354267	-4.064496	-3.793948	-3.474696	-3.233629	-6.884615	1.970441
156.4135	-4.354267	-4.064496	-3.793948	-3.474696	-3.233629	-6.884615	1.970441
157.3173	-4.354267	-4.064496	-3.793948	-3.474696	-3.233629	-6.884615	1.970441
158.2263	-4.354267	-4.064496	-3.793948	-3.474696	-3.233629	-6.884615	1.970441
159.1405	-4.354267	-4.064496	-3.793948	-3.474696	-3.233629	-6.884615	1.970441
160.0600	-4.354267	-4.064496	-3.793948	-3.474696	-3.233629	-6.884615	1.970441
160.9848	-4.354267	-4.064496	-3.793948	-3.474696	-3.233629	-6.884615	1.970441
161.9149	-4.354267	-4.064496	-3.793948	-3.474696	-3.233629	-6.884615	1.970441
162.8504	-4.354267	-4.064496	-3.793948	-3.474696	-3.233629	-6.884615	1.970441
163.7914	-4.354267	-4.064496	-3.793948	-3.474696	-3.233629	-6.884615	1.970441
164.7378	-4.354267	-4.064496	-3.793948	-3.474696	-3.233629	-6.884615	1.970441
165.6896	-4.354267	-4.064496	-3.793948	-3.474696	-3.233629	-6.884615	1.970441
166.6469	-4.354267	-4.064496	-3.793948	-3.474696	-3.233629	-6.884615	1.970441
167.6098	-4.354267	-4.064496	-3.793948	-3.474696	-3.233629	-6.884615	1.970441
168.5782	-4.354267	-4.064496	-3.793948	-3.474696	-3.233629	-6.884615	1.970441
169.5522	-4.354267	-4.064496	-3.793948	-3.474696	-3.233629	-6.884615	1.970441
170.5319	-4.354267	-4.064496	-3.793948	-3.474696	-3.233629	-6.884615	1.970441
171.5172	-4.354267	-4.064496	-3.793948	-3.474696	-3.233629	-6.884615	1.970441
172.5082	-4.354267	-4.064496	-3.793948	-3.474696	-3.233629	-6.884615	1.970441
173.5050	-4.354267	-4.064496	-3.793948	-3.474696	-3.233629	-6.884615	1.970441
174.5075	-4.354267	-4.064496	-3.793948	-3.474696	-3.233629	-6.884615	1.970441
175.5157	-4.354267	-4.064496	-3.793948	-3.474696	-3.233629	-6.884615	1.970441
176.5299	-4.354267	-4.064496	-3.793948	-3.474696	-3.233629	-6.884615	1.970441
177.5498	-4.354267	-4.064496	-3.793948	-3.474696	-3.233629	-6.884615	1.970441
178.5757	-4.354267	-4.064496	-3.793948	-3.474696	-3.233629	-6.884615	1.970441
179.6075	-4.354267	-4.064496	-3.793948	-3.474696	-3.233629	-6.884615	1.970441
180.6452	-4.354267	-4.064496	-3.793948	-3.474696	-3.233629	-6.884615	1.970441
181.6890	-4.354267	-4.064496	-3.793948	-3.474696	-3.233629	-6.884615	1.970441
182.7388	-4.354267	-4.064496	-3.793948	-3.474696	-3.233629	-6.884615	1.970441
183.7946	-4.354267	-4.064496	-3.793948	-3.474696	-3.233629	-6.884615	1.970441
184.8565	-4.354267	-4.064496	-3.793948	-3.474696	-3.233629	-6.884615	1.970441
185.9246	-4.354267	-4.064496	-3.793948	-3.474696	-3.233629	-6.884615	1.970441
186.9989	-4.354267	-4.064496	-3.793948	-3.474696	-3.233629	-6.884615	1.970441
188.0793	-4.354267	-4.064496	-3.793948	-3.474696	-3.233629	-6.884615	1.970441
189.1660	-4.354267	-4.064496	-3.793948	-3.474696	-3.233629	-6.884615	1.970441
190.2590	-4.354267	-4.064496	-3.793948	-3.474696	-3.233629	-6.884615	1.970441
191.3583	-4.354267	-4.064496	-3.793948	-3.474696	-3.233629	-6.884615	1.970441
192.4640	-4.354267	-4.064496	-3.793948	-3.474696	-3.233629	-6.884615	1.970441
193.5760	-4.354267	-4.064496	-3.793948	-3.474696	-3.233629	-6.884615	1.970441
194.6945	-4.354267	-4.064496	-3.793948	-3.474696	-3.233629	-6.884615	1.970441
195.8194	-4.354267	-4.064496	-3.793948	-3.474696	-3.233629	-6.884615	1.970441
196.9508	-4.354267	-4.064496	-3.793948	-3.474696	-3.233629	-6.884615	1.970441
198.0888	-4.354267	-4.064496	-3.793948	-3.474696	-3.233629	-6.884615	1.970441
199.2333	-4.354267	-4.064496	-3.793948	-3.474696	-3.233629	-6.884615	1.970441
200.3845	-4.354267	-4.064496	-3.793948	-3.474696	-3.233629	-6.884615	1.970441
201.5423	-4.348141	-4.061814	-3.790966	-3.475324	-3.233791	-6.871288	1.946066
202.7067	-4.338942	-4.057787	-3.786489	-3.476268	-3.234036	-6.851278	1.909472
203.8780	-4.331082	-4.053256	-3.782293	-3.475593	-3.233505	-6.831102	1.872775
205.0559	-4.323898	-4.048469	-3.778239	-3.474101	-3.232580	-6.810840	1.836026
206.2407	-4.315759	-4.043717	-3.773971	-3.473424	-3.232184	-6.790411	1.799219
207.4324	-4.307134	-4.038983	-3.769595	-3.473162	-3.232056	-6.769896	1.762383
208.6309	-4.299069	-4.035013	-3.764693	-3.472521	-3.230317	-6.749209	1.725501
209.8363	-4.291373	-4.031434	-3.759565	-3.471646	-3.227757	-6.728428	1.688594
211.0488	-4.285384	-4.027812	-3.755352	-3.469893	-3.225321	-6.707488	1.651648
212.2682	-4.280372	-4.024136	-3.751690	-3.467638	-3.223008	-6.686443	1.614680
213.4946	-4.274096	-4.019940	-3.747867	-3.466023	-3.221637	-6.665242	1.577676
214.7282	-4.267004	-4.015411	-3.743943	-3.464829	-3.220882	-6.643940	1.540652
215.9689	-4.256631	-4.010157	-3.740310	-3.466670	-3.223988	-6.622463	1.503595
217.2167	-4.244492	-4.004513	-3.736831	-3.470142	-3.229170	-6.600893	1.466520
218.4718	-4.233713	-3.998640	-3.732705	-3.471272	-3.231697	-6.579145	1.429415
219.7341	-4.223651	-3.992646	-3.728236	-3.471165	-3.232821	-6.557303	1.392294
221.0037	-4.213912	-3.986362	-3.723617	-3.470270	-3.233321	-6.535167	1.355262
222.2806	-4.204360	-3.979943	-3.718934	-3.468976	-3.233508	-6.512894	1.318258
223.5649	-4.195244	-3.974576	-3.713553	-3.467541	-3.231862	-6.490416	1.281255
224.8566	-4.186325	-3.969701	-3.707741	-3.465937	-3.229158	-6.467759	1.244319
226.1558	-4.178840	-3.964500	-3.702378	-3.462969	-3.225915	-6.444925	1.207366
227.4625	-4.172195	-3.959129	-3.697289	-3.459236	-3.222383	-6.421977	1.170406
228.7768	-4.165648	-3.954182	-3.692518	-3.456159	-3.219389	-6.398859	1.133438
230.0986	-4.159152	-3.949523	-3.687972	-3.453553	-3.216793	-6.375625	1.096464
231.4281	-4.152222	-3.945200	-3.683944	-3.452284	-3.215666	-6.352210	1.059487
232.7653	-4.145030	-3.941085	-3.680235	-3.451835	-3.215440	-6.328687	1.022507
234.1102	-4.136667	-3.935643	-3.676073	-3.450815	-3.215479	-6.304972	0.985529
235.4629	-4.127657	-3.929469	-3.671660	-3.449481	-3.215664	-6.281150	0.948552
236.8233	-4.118963	-3.924250	-3.667791	-3.449341	-3.216620	-6.257135	0.911581
238.1917	-4.110438	-3.919557	-3.664220	-3.449862	-3.218003	-6.233011	0.874616
239.5679	-4.103082	-3.914334	-3.659694	-3.447618	-3.216307	-6.208691	0.837663
240.9521	-4.096375	-3.908811	-3.654631	-3.443824	-3.212886	-6.184261	0.800720
242.3443	-4.088628	-3.902970	-3.649701	-3.440949	-3.210773	-6.159632	0.763796
243.7446	-4.080324	-3.896981	-3.644839	-3.438583	-3.209354	-6.134884	0.726885
245.1529	-4.072784	-3.891723	-3.639817	-3.435975	-3.206850	-6.109951	0.690000
246.5693	-4.065800	-3.886974	-3.634739	-3.433233	-3.203678	-6.084905	0.653132
247.9940	-4.059985	-3.882837	-3.630696	-3.430962	-3.201408	-6.060040	0.616296
249.4269	-4.054954	-3.879110	-3.627348	-3.429007	-3.199742	-6.035296	0.579483
250.8680	-4.048951	-3.875569	-3.623078	-3.427289	-3.197204	-6.022844	0.542711
252.3175	-4.042385	-3.872133	-3.618272	-3.425706	-3.194159	-6.017472	0.505965
253.7754	-4.035386	-3.867991	-3.614147	-3.424589	-3.192907	-6.004536	0.469269
255.2417	-4.028134	-3.863437	-3.610413	-3.423738	-3.192692	-5.987206	0.432604
256.7164	-4.019995	-3.857301	-3.606392	-3.421937	-3.192790	-5.964329	0.395997
258.1997	-4.011335	-3.850237	-3.602203	-3.419579	-3.193070	-5.938210	0.359425
259.6916	-4.005287	-3.845512	-3.598388	-3.417204	-3.191489	-5.908759	0.322925
261.1920	-4.000782	-3.842155	-3.594811	-3.414824	-3.188840	-5.877324	0.286464
262.7012	-3.996430	-3.838158	-3.592249	-3.412712	-3.188068	-5.844242	0.250081
264.2190	-3.992063	-3.833717	-3.590260	-3.410773	-3.188458	-5.810096	0.213749
265.7457	-3.985292	-3.828341	-3.586892	-3.408979	-3.188492	-5.775212	0.177499
267.2811	-3.976830	-3.822324	-3.582541	-3.407290	-3.188252	-5.739800	0.141309
268.8254	-3.968046	-3.817017	-3.577520	-3.405943	-3.186994	-5.703970	0.105213
270.3787	-3.959051	-3.812170	-3.572059	-3.404816	-3.185067	-5.667865	0.069181
271.9409	-3.951970	-3.807518	-3.567035	-3.402331	-3.182101	-5.635697	0.033260
273.5121	-3.946048	-3.802985	-3.562277	-3.399022	-3.178505	-5.605913	-0.002593
275.0925	-3.941667	-3.798008	-3.558464	-3.394643	-3.175261	-5.576959	-0.038321
276.6819	-3.938228	-3.792763	-3.555230	-3.389614	-3.172233	-5.548514	-0.073975
278.2806	-3.934020	-3.789039	-3.551352	-3.386237	-3.168683	-5.519842	-0.109491
279.8884	-3.929341	-3.786251	-3.547077	-3.383874	-3.164812	-5.491032	-0.144923
281.5056	-3.926271	-3.782378	-3.543947	-3.379938	-3.161622	-5.461993	-0.180206
283.1321	-3.924177	-3.777845	-3.541510	-3.375044	-3.158843	-5.432804	-0.215388
284.7680	-3.921587	-3.773723	-3.538737	-3.370729	-3.155886	-5.403401	-0.250416
286.4134	-3.918756	-3.769910	-3.535769	-3.366772	-3.152782	-5.373836	-0.285330
288.0682	-3.918687	-3.766685	-3.533925	-3.361680	-3.149164	-5.344055	-0.320076
289.7327	-3.920592	-3.763882	-3.532886	-3.355777	-3.145180	-5.314120	-0.354704
291.4067	-3.921465	-3.760214	-3.531131	-3.349343	-3.140797	-5.283947	-0.389132
293.0904	-3.921687	-3.756003	-3.528925	-3.342576	-3.136163	-5.253626	-0.423440
294.7839	-3.922227	-3.752975	-3.526075	-3.335979	-3.129923	-5.223066	-0.457531
296.4871	-3.922967	-3.750699	-3.522814	-3.329492	-3.122662	-5.192353	-0.491487
298.2002	-3.923614	-3.747791	-3.519414	-3.322324	-3.115214	-5.161401	-0.525213
299.9231	-3.924196	-3.744473	-3.515920	-3.314716	-3.107644	-5.130292	-0.558787
301.6561	-3.924738	-3.741179	-3.512602	-3.307359	-3.100466	-5.098941	-0.592113
303.3990	-3.925261	-3.737911	-3.509389	-3.300157	-3.093517	-5.067429	-0.625273
305.1520	-3.926973	-3.736050	-3.505654	-3.292564	-3.084336	-5.035674	-0.658166
306.9151	-3.929515	-3.735046	-3.501649	-3.284668	-3.073782	-5.003749	-0.690872
308.6885	-3.932886	-3.731803	-3.499618	-3.275740	-3.066351	-4.971591	-0.723304
310.4720	-3.936847	-3.726903	-3.499020	-3.266040	-3.061193	-4.939259	-0.755530
312.2659	-3.938755	-3.722886	-3.495333	-3.256134	-3.051912	-4.906682	-0.787450
314.0701	-3.939237	-3.719484	-3.489501	-3.246085	-3.039765	-4.873935	-0.819156
315.8848	-3.941961	-3.715881	-3.486300	-3.236246	-3.030640	-4.851359	-0.850524
317.7100	-3.946169	-3.712142	-3.484841	-3.226541	-3.023513	-4.835529	-0.881663
319.5457	-3.948855	-3.709455	-3.481207	-3.217203	-3.013560	-4.823159	-0.912440
321.3920	-3.950517	-3.707470	-3.476115	-3.208108	-3.001713	-4.813099	-0.942972
323.2489	-3.953879	-3.706202	-3.471891	-3.198855	-2.989903	-4.802943	-0.973113
325.1166	-3.958384	-3.705416	-3.468252	-3.189497	-2.978121	-4.792726	-1.002990
326.9951	-3.962436	-3.705383	-3.463210	-3.179890	-2.963984	-4.782409	-1.032443
328.8845	-3.966100	-3.705821	-3.457166	-3.170110	-2.948232	-4.772026	-1.061326
330.7847	-3.966853	-3.704843	-3.449301	-3.160059	-2.931748	-4.761551	-1.080032
332.6959	-3.965616	-3.702863	-3.440180	-3.149782	-2.914744	-4.751002	-1.090981
334.6182	-3.970502	-3.702797	-3.434622	-3.138721	-2.898741	-4.740363	-1.097754
336.5516	-3.980044	-3.704181	-3.431770	-3.127060	-2.883496	-4.729650	-1.101344
338.4962	-3.981396	-3.701953	-3.424986	-3.116268	-2.868576	-4.718839	-1.104150
340.4520	-3.977102	-3.697231	-3.415490	-3.106071	-2.853878	-4.707958	-1.106413
342.4191	-3.975567	-3.694804	-3.406200	-3.095481	-2.836833	-4.696974	-1.107876
344.3975	-3.975963	-3.693980	-3.397058	-3.084616	-2.818154	-4.685921	-1.108785
346.3874	-3.977400	-3.693185	-3.388663	-3.073473	-2.799926	-4.674760	-1.108895
348.3888	-3.979574	-3.692418	-3.380796	-3.062136	-2.782019	-4.663527	-1.108448
350.4018	-3.982779	-3.692011	-3.373491	-3.050665	-2.764202	-4.652180	-1.107270
352.4263	-3.986705	-3.691852	-3.366576	-3.039095	-2.746447	-4.640751	-1.105572
354.4626	-3.988230	-3.690391	-3.358408	-3.027431	-2.728586	-4.629187	-1.103396
356.5107	-3.988030	-3.688013	-3.349327	-3.015705	-2.710624	-4.617741	-1.100876
358.5705	-3.988182	-3.686482	-3.340097	-3.004298	-2.692012	-4.612728	-1.098533
360.6423	-3.988596	-3.685615	-3.330738	-2.993145	-2.672880	-4.612852	-1.096338
362.7261	-3.986956	-3.683717	-3.320324	-2.982011	-2.653692	-4.612782	-1.095657
364.8219	-3.983797	-3.681055	-3.309131	-2.970892	-2.634464	-4.612570	-1.096096
366.9298	-3.979500	-3.676550	-3.298536	-2.959758	-2.617572	-4.610447	-1.100078
369.0499	-3.974380	-3.670711	-3.288381	-2.948619	-2.602382	-4.606941	-1.106637
371.1822	-3.968751	-3.663828	-3.278572	-2.937337	-2.588394	-4.600747	-1.118781
373.3268	-3.962746	-3.656181	-3.269015	-2.925950	-2.575284	-4.592586	-1.135006
375.4839	-3.954924	-3.646855	-3.258920	-2.914232	-2.562916	-4.581325	-1.157837
377.6534	-3.945759	-3.636289	-3.248423	-2.902263	-2.551086	-4.567776	-1.185525
379.8354	-3.934629	-3.624475	-3.236842	-2.889974	-2.539054	-4.551291	-1.219180
382.0301	-3.921965	-3.611696	-3.224423	-2.877453	-2.526881	-4.532576	-1.257347
384.2374	-3.905988	-3.597294	-3.210628	-2.865348	-2.515267	-4.511655	-1.299398
386.4575	-3.887376	-3.581587	-3.195756	-2.853578	-2.504136	-4.488929	-1.344619
388.6904	-3.869625	-3.565623	-3.181965	-2.841782	-2.494305	-4.464735	-1.391669
390.9362	-3.852584	-3.549456	-3.169059	-2.829968	-2.485534	-4.439355	-1.440210
393.1950	-3.835070	-3.531857	-3.156863	-2.817966	-2.478655	-4.413053	-1.489085
395.4668	-3.817271	-3.513218	-3.145198	-2.805784	-2.473125	-4.386063	-1.538206
397.7518	-3.798133	-3.494834	-3.132352	-2.794023	-2.466570	-4.358518	-1.586781
400.0500	-3.777866	-3.476523	-3.118471	-2.782434	-2.459075	-4.330419	-1.634804
402.3614	-3.758486	-3.457319	-3.105069	-2.769522	-2.451652	-4.301928	-1.681886
404.6862	-3.736543	-3.434163	-3.088753	-2.752290	-2.440962	-4.269853	-1.724966
407.0244	-3.710643	-3.406696	-3.068656	-2.730931	-2.426669	-4.238242	-1.737804
409.3762	-3.684702	-3.378913	-3.048662	-2.709408	-2.412621	-4.210010	-1.730310
411.7415	-3.658025	-3.350971	-3.027968	-2.687764	-2.397912	-4.181694	-1.712215
414.1205	-3.631108	-3.323276	-3.007072	-2.666406	-2.383036	-4.153702	-1.686265
416.5133	-3.599907	-3.293321	-2.983344	-2.644318	-2.366780	-4.124607	-1.659199
418.9198	-3.564741	-3.261105	-2.956824	-2.621203	-2.348907	-4.094199	-1.630810
421.3403	-3.530652	-3.229795	-2.930196	-2.597747	-2.329740	-4.063601	-1.602216
423.7748	-3.497412	-3.199208	-2.903502	-2.574050	-2.309593	-4.032871	-1.573477
426.2233	-3.465035	-3.167957	-2.877505	-2.549515	-2.289976	-4.001949	-1.544531
428.6860	-3.432952	-3.135975	-2.852054	-2.524513	-2.271156	-3.970864	-1.515410
431.1629	-3.399905	-3.104116	-2.825103	-2.499070	-2.250300	-3.939573	-1.486065
433.6541	-3.366125	-3.072378	-2.796962	-2.473269	-2.227800	-3.908124	-1.456551
436.1597	-3.330872	-3.040392	-2.768299	-2.448220	-2.205726	-3.876459	-1.426802
438.6798	-3.294490	-3.008239	-2.739230	-2.423766	-2.183971	-3.844632	-1.396878
441.2144	-3.257297	-2.975314	-2.710045	-2.399269	-2.162793	-3.812621	-1.366751
443.7637	-3.219527	-2.941786	-2.680783	-2.374697	-2.142039	-3.780467	-1.336466
446.3277	-3.182198	-2.907539	-2.651823	-2.349258	-2.121447	-3.748118	-1.305966
448.9065	-3.145381	-2.872724	-2.623140	-2.323006	-2.100899	-3.715590	-1.275272
451.5003	-3.110680	-2.838656	-2.595583	-2.296457	-2.080485	-3.682862	-1.244358
454.1090	-3.077469	-2.804917	-2.568712	-2.269392	-2.059955	-3.649671	-1.212963
456.7328	-3.042518	-2.771169	-2.539620	-2.241811	-2.036722	-3.615842	-1.180909
459.3717	-3.006589	-2.737805	-2.509070	-2.214110	-2.011552	-3.581842	-1.148666
462.0259	-2.968107	-2.702300	-2.477359	-2.185732	-1.986611	-3.546740	-1.115299
464.6955	-2.928141	-2.665648	-2.445327	-2.157432	-1.962514	-3.511361	-1.081637
467.3804	-2.888570	-2.629712	-2.413644	-2.129799	-1.938718	-3.476432	-1.048400
470.0809	-2.849732	-2.594817	-2.382728	-2.103242	-1.915724	-3.442355	-1.015997
472.7970	-2.809569	-2.559237	-2.351038	-2.076580	-1.892506	-3.408061	-0.983351
475.5288	-2.768245	-2.523069	-2.318711	-2.049882	-1.869176	-3.373600	-0.950518
478.2763	-2.728999	-2.487142	-2.287399	-2.022307	-1.845799	-3.338920	-0.917440
481.0397	-2.691506	-2.451423	-2.256908	-1.993959	-1.822311	-3.304041	-0.884140
483.8191	-2.652430	-2.415561	-2.224961	-1.965601	-1.797491	-3.268935	-0.850589
486.6146	-2.612019	-2.379628	-2.191689	-1.937182	-1.771358	-3.233634	-0.816817
489.4262	-2.569426	-2.343509	-2.157052	-1.909438	-1.744677	-3.198262	-0.782948
492.2540	-2.524904	-2.307136	-2.121140	-1.882128	-1.717376	-3.162720	-0.748885
495.0982	-2.481726	-2.271968	-2.086866	-1.856333	-1.692006	-3.127853	-0.715466
497.9589	-2.440326	-2.238545	-2.054801	-1.832735	-1.669276	-3.094354	-0.683391
500.8360	-2.396906	-2.204466	-2.022535	-1.810398	-1.648164	-3.060623	-0.651054
503.7298	-2.352155	-2.170234	-1.990496	-1.789547	-1.628837	-3.027093	-0.618892
506.6403	-2.309419	-2.137674	-1.957864	-1.767622	-1.606309	-2.993394	-0.586529
509.5676	-2.269103	-2.107168	-1.925241	-1.745214	-1.581379	-2.960078	-0.554522
512.5118	-2.230334	-2.078050	-1.894811	-1.724873	-1.559288	-2.927605	-0.523327
515.4731	-2.191956	-2.049179	-1.865371	-1.705410	-1.538786	-2.894920	-0.491893
518.4514	-2.154669	-2.019754	-1.836467	-1.684811	-1.518265	-2.861935	-0.460137
521.4470	-2.118423	-1.989857	-1.808113	-1.663220	-1.497803	-2.828723	-0.428133
524.4598	-2.083711	-1.960720	-1.780162	-1.641200	-1.476612	-2.795540	-0.396172
527.4901	-2.050574	-1.932486	-1.752828	-1.619075	-1.455082	-2.762629	-0.364498
530.5379	-2.023256	-1.908019	-1.726113	-1.595242	-1.428970	-2.729555	-0.332795
533.6033	-2.001227	-1.887039	-1.700121	-1.570091	-1.399015	-2.696519	-0.301250
536.6864	-1.979028	-1.865817	-1.675346	-1.546157	-1.371664	-2.663509	-0.270170
539.7873	-1.956659	-1.844347	-1.651614	-1.523253	-1.346570	-2.630465	-0.239458
542.9061	-1.935685	-1.823590	-1.627774	-1.499479	-1.319864	-2.599776	-0.210025
546.0430	-1.916006	-1.803514	-1.603879	-1.474965	-1.291752	-2.571281	-0.181805
549.1980	-1.900167	-1.784678	-1.583365	-1.451208	-1.266564	-2.551931	-0.156314
552.3712	-1.887796	-1.766929	-1.565911	-1.428108	-1.244026	-2.540943	-0.133283
555.5627	-1.873061	-1.749213	-1.547599	-1.406627	-1.222137	-2.529753	-0.114298
558.7727	-1.856101	-1.731523	-1.528514	-1.386700	-1.200927	-2.518366	-0.099138
562.0012	-1.839567	-1.715369	-1.511082	-1.369601	-1.182597	-2.506781	-0.088692
565.2484	-1.823396	-1.700670	-1.495219	-1.355226	-1.167042	-2.494944	-0.082830
568.5143	-1.808155	-1.686244	-1.480102	-1.340931	-1.152049	-2.482885	-0.081699
571.7992	-1.793878	-1.672185	-1.465793	-1.326838	-1.137709	-2.470746	-0.085035
575.1029	-1.779244	-1.658822	-1.451751	-1.314099	-1.124259	-2.458658	-0.092306
578.4258	-1.764019	-1.645872	-1.437712	-1.302396	-1.111405	-2.446374	-0.103021
581.7679	-1.749599	-1.633588	-1.424460	-1.291341	-1.099321	-2.433927	-0.116029
585.1293	-1.735914	-1.621909	-1.411929	-1.280877	-1.087944	-2.421296	-0.131192
588.5101	-1.722682	-1.609160	-1.400167	-1.269676	-1.077652	-2.408443	-0.147430
591.9105	-1.709884	-1.595376	-1.389112	-1.257727	-1.068341	-2.395349	-0.164669
595.3305	-1.695900	-1.581071	-1.376627	-1.244999	-1.057353	-2.382054	-0.182293
598.7702	-1.680477	-1.565972	-1.362473	-1.231237	-1.044469	-2.368260	-0.199986
602.2298	-1.665787	-1.552361	-1.349507	-1.219440	-1.033226	-2.354184	-0.217645
605.7095	-1.651848	-1.540244	-1.337728	-1.209598	-1.023609	-2.339828	-0.235273
609.2092	-1.638861	-1.528190	-1.325795	-1.198652	-1.012728	-2.325063	-0.252614
612.7291	-1.626991	-1.516381	-1.313919	-1.186838	-1.000848	-2.310099	-0.269882
616.2694	-1.612879	-1.503467	-1.301629	-1.175840	-0.990379	-2.294874	-0.286977
619.8302	-1.596745	-1.489585	-1.288984	-1.165633	-0.981224	-2.279441	-0.303946
623.4115	-1.581271	-1.476237	-1.276572	-1.155507	-0.971874	-2.263597	-0.320581
627.0135	-1.566158	-1.463087	-1.264018	-1.145051	-0.961879	-2.246970	-0.336507
630.6363	-1.548527	-1.448578	-1.251357	-1.135772	-0.954186	-2.230144	-0.352303
634.2800	-1.528270	-1.432587	-1.238425	-1.127491	-0.948579	-2.212956	-0.367804
637.9448	-1.508494	-1.417407	-1.225341	-1.119356	-0.942189	-2.195517	-0.368023
641.6308	-1.488954	-1.402828	-1.211945	-1.111245	-0.934936	-2.177666	-0.352747
645.3381	-1.467227	-1.386664	-1.197709	-1.102966	-0.928191	-2.158981	-0.334348
649.0668	-1.444023	-1.369612	-1.183289	-1.095159	-0.922554	-2.140104	-0.313443
652.8170	-1.421591	-1.352923	-1.169041	-1.087086	-0.916492	-2.120551	-0.291725
656.5889	-1.400387	-1.337017	-1.155349	-1.079086	-0.910311	-2.100655	-0.269517
660.3826	-1.380647	-1.321818	-1.141779	-1.070382	-0.902910	-2.080683	-0.247010
664.1982	-1.362447	-1.307388	-1.128349	-1.060973	-0.894251	-2.060657	-0.224228
668.0359	-1.343497	-1.291640	-1.115270	-1.051405	-0.887043	-2.040687	-0.201130
671.8957	-1.323562	-1.274364	-1.102506	-1.041678	-0.881451	-2.020734	-0.177672
675.7779	-1.304861	-1.257171	-1.089834	-1.030830	-0.874806	-2.001015	-0.152515
679.6825	-1.287502	-1.240104	-1.077289	-1.018831	-0.867077	-1.981574	-0.125629
683.6096	-1.271976	-1.224182	-1.065398	-1.006735	-0.858820	-1.962615	-0.096894
687.5594	-1.257910	-1.209082	-1.054130	-0.994580	-0.850349	-1.944100	-0.066166
691.5321	-1.243856	-1.193320	-1.042180	-0.981032	-0.840503	-1.925864	-0.025343
695.5276	-1.230148	-1.177140	-1.029651	-0.966094	-0.829153	-1.908058	0.026102
699.5463	-1.216215	-1.160553	-1.017203	-0.951070	-0.818190	-1.890140	0.104773
703.5882	-1.200750	-1.142220	-1.003517	-0.934609	-0.806283	-1.870776	0.214043
707.6535	-1.187186	-1.125426	-0.990175	-0.918050	-0.793164	-1.851598	0.325990
711.7422	-1.176377	-1.111024	-0.977945	-0.902152	-0.779513	-1.833365	0.440065
715.8546	-1.167004	-1.097809	-0.965534	-0.885739	-0.764064	-1.815438	0.554503
719.9907	-1.158459	-1.085310	-0.952663	-0.868686	-0.746867	-1.797551	0.669586
724.1508	-1.148830	-1.071791	-0.939767	-0.851729	-0.730704	-1.779708	0.780982
728.3348	-1.137787	-1.056930	-0.926654	-0.834689	-0.715521	-1.761717	0.888581
732.5431	-1.128336	-1.043480	-0.913876	-0.817737	-0.699417	-1.742632	0.987178
736.7756	-1.120978	-1.032013	-0.902030	-0.801545	-0.683082	-1.722925	1.075420
741.0326	-1.113508	-1.021820	-0.890446	-0.787023	-0.667385	-1.702701	1.147341
745.3142	-1.105169	-1.012198	-0.878201	-0.773289	-0.651233	-1.680961	1.202351
749.6206	-1.095489	-1.003193	-0.867005	-0.762687	-0.638520	-1.665989	1.237030
753.9518	-1.083762	-0.994400	-0.856614	-0.755301	-0.629467	-1.658094	1.249501
758.3081	-1.074245	-0.986700	-0.848394	-0.748966	-0.622543	-1.649323	1.243718
762.6895	-1.066943	-0.980110	-0.842852	-0.744228	-0.618760	-1.639755	1.216904
767.0962	-1.060037	-0.974125	-0.838136	-0.740548	-0.616234	-1.628466	1.176922
771.5284	-1.053652	-0.968845	-0.834300	-0.737951	-0.614948	-1.615358	1.122977
775.9862	-1.049449	-0.964616	-0.831790	-0.735505	-0.614132	-1.600791	1.062795
780.4698	-1.047957	-0.961684	-0.830725	-0.733023	-0.613493	-1.584657	0.996011
784.9793	-1.047651	-0.960845	-0.829250	-0.730953	-0.610849	-1.567293	0.928692
789.5148	-1.048716	-0.962334	-0.826953	-0.728903	-0.605190	-1.548205	0.861168
794.0765	-1.049200	-0.962693	-0.824318	-0.725978	-0.599435	-1.528172	0.796113
798.6646	-1.046428	-0.959164	-0.818747	-0.719504	-0.591066	-1.504514	0.736422
803.2792	-1.042982	-0.954200	-0.811854	-0.710912	-0.580726	-1.478638	0.681880
807.9205	-1.039904	-0.948818	-0.804870	-0.701418	-0.569836	-1.451656	0.631829
812.5885	-1.035702	-0.942725	-0.796223	-0.690646	-0.556743	-1.428581	0.586816
817.2836	-1.030559	-0.936427	-0.786589	-0.679620	-0.542619	-1.410992	0.546708
822.0058	-1.023372	-0.927034	-0.776391	-0.667059	-0.529411	-1.418835	0.515796
826.7552	-1.015464	-0.915187	-0.765977	-0.652573	-0.516490	-1.456373	0.495031
831.5321	-1.006957	-0.904005	-0.754383	-0.638142	-0.501808	-1.493364	0.492029
836.3366	-0.996150	-0.892112	-0.740204	-0.622700	-0.484259	-1.528356	0.509720
841.1689	-0.986036	-0.881144	-0.725497	-0.606896	-0.464957	-1.562921	0.537655
846.0291	-0.975934	-0.870725	-0.710177	-0.590985	-0.444420	-1.596981	0.577177
850.9173	-0.965759	-0.859200	-0.694732	-0.573913	-0.423705	-1.630599	0.617072
855.8339	-0.955469	-0.846445	-0.679285	-0.555730	-0.403101	-1.663840	0.657261
860.7788	-0.944443	-0.833104	-0.663969	-0.537873	-0.383495	-1.697666	0.696771
865.7523	-0.931008	-0.817641	-0.647565	-0.519285	-0.364123	-1.730947	0.736716
870.7545	-0.917426	-0.802739	-0.630732	-0.500961	-0.344038	-1.763242	0.777478
875.7856	-0.904163	-0.788906	-0.613652	-0.483111	-0.323142	-1.794661	0.818943
880.8458	-0.888287	-0.773736	-0.595108	-0.465132	-0.301930	-1.830656	0.860792
885.9352	-0.867969	-0.755608	-0.573294	-0.445429	-0.278620	-1.870825	0.904580
891.0541	-0.846189	-0.737136	-0.550990	-0.426406	-0.255792	-1.918972	0.948138
896.2025	-0.823468	-0.719097	-0.529059	-0.409198	-0.234649	-1.977105	0.990508
901.3806	-0.801583	-0.701009	-0.507403	-0.391351	-0.213223	-2.033260	1.031149
906.5887	-0.779998	-0.682109	-0.485354	-0.371963	-0.190711	-2.086098	1.070484
911.8269	-0.757331	-0.662154	-0.462653	-0.351970	-0.167974	-2.133648	1.107319
917.0953	-0.733738	-0.641187	-0.439157	-0.331106	-0.144575	-2.174722	1.141073
922.3942	-0.710495	-0.620617	-0.415424	-0.310020	-0.120352	-2.207678	1.170666
927.7237	-0.688056	-0.600802	-0.391391	-0.288528	-0.094726	-2.230534	1.195088
933.0840	-0.663878	-0.580865	-0.366025	-0.267341	-0.068173	-2.243091	1.214109
938.4752	-0.637034	-0.560423	-0.338973	-0.246680	-0.040912	-2.242739	1.226384
943.8977	-0.612947	-0.541915	-0.311801	-0.224924	-0.010655	-2.231697	1.233077
949.3514	-0.594615	-0.527392	-0.284492	-0.200952	0.025631	-2.207198	1.232718
954.8366	-0.573993	-0.509776	-0.256118	-0.175176	0.061758	-2.173471	1.227691
960.3536	-0.549519	-0.487715	-0.226417	-0.147614	0.096684	-2.128379	1.216939
965.9024	-0.520352	-0.462136	-0.194724	-0.119376	0.130904	-2.096884	1.203055
971.4833	-0.488372	-0.434578	-0.160741	-0.089709	0.166890	-2.081509	1.185526
977.0964	-0.454450	-0.405099	-0.123732	-0.056979	0.206987	-2.065641	1.169038
982.7420	-0.419461	-0.374557	-0.084246	-0.021705	0.250968	-2.049911	1.152682
988.4201	-0.388080	-0.343390	-0.048226	0.014345	0.291627	-2.032968	1.178461
994.1311	-0.368697	-0.319099	-0.024757	0.042937	0.319184	-2.022515	1.250745
1000.0000	-0.348135	-0.293789	0.000000	0.072662	0.348135	-2.010233	1.327016
1005.6523	-0.327225	-0.268726	0.024168	0.101156	0.375562	-1.997029	1.402465
1011.4628	-0.305109	-0.241388	0.047412	0.129681	0.399933	-1.982442	1.480140
1017.3070	-0.282031	-0.211712	0.069099	0.157893	0.420230	-1.966055	1.558912
1023.1848	-0.264045	-0.186173	0.086803	0.183135	0.437651	-1.951152	1.635643
1029.0967	-0.247110	-0.160721	0.103117	0.207932	0.453344	-1.934301	1.713579
1035.0427	-0.229119	-0.138205	0.122810	0.232240	0.474739	-1.915889	1.792441
1041.0231	-0.210115	-0.119379	0.146610	0.256115	0.503335	-1.895581	1.872430
1047.0380	-0.192598	-0.100466	0.169017	0.280175	0.530632	-1.873632	1.953267
1053.0877	-0.177079	-0.081386	0.189509	0.304489	0.556096	-1.849663	2.035146
1059.1723	-0.159828	-0.059769	0.210028	0.329547	0.579884	-1.824077	2.117480
1065.2921	-0.139002	-0.033583	0.231605	0.356522	0.602211	-1.795376	2.201384
1071.4472	-0.114237	-0.004684	0.255529	0.384537	0.625295	-1.764249	2.285643
1077.6379	-0.085745	0.026409	0.281439	0.412912	0.648623	-1.731029	2.369183
1083.8644	-0.058420	0.057310	0.308581	0.443620	0.675581	-1.695289	2.451416
1090.1268	-0.034013	0.086500	0.335704	0.475670	0.705422	-1.657806	2.530158
1096.4255	-0.009709	0.114415	0.362142	0.505831	0.733993	-1.620805	2.602013
1102.7605	0.014701	0.140902	0.388139	0.533988	0.761576	-1.583964	2.664889
1109.1321	0.037152	0.167393	0.412688	0.562687	0.788223	-1.547033	2.718449
1115.5406	0.058371	0.195190	0.436572	0.593290	0.814772	-1.508746	2.761014
1121.9861	0.079217	0.221782	0.460734	0.623373	0.842252	-1.470751	2.791439
1128.4688	0.100092	0.247353	0.485870	0.653428	0.871648	-1.432546	2.807434
1134.9889	0.120750	0.271529	0.512443	0.683831	0.904136	-1.393751	2.812084
1141.5468	0.140896	0.293356	0.540189	0.713657	0.939482	-1.354944	2.800638
1148.1425	0.161418	0.316039	0.567216	0.743187	0.973013	-1.315277	2.780013
1154.7764	0.182357	0.339860	0.593227	0.772347	1.004097	-1.274393	2.746396
1161.4485	0.203469	0.363565	0.619245	0.801218	1.035022	-1.231712	2.706867
1168.1593	0.224623	0.386984	0.645276	0.829769	1.065929	-1.186471	2.658914
1174.9088	0.244616	0.409488	0.671789	0.859137	1.098963	-1.138785	2.607913
1181.6973	0.263751	0.431274	0.699262	0.889700	1.134774	-1.087324	2.552801
1188.5250	0.285895	0.454761	0.728019	0.920147	1.170142	-1.033102	2.496466
1195.3921	0.314911	0.483136	0.760942	0.952635	1.206973	-0.972569	2.440665
1202.2990	0.344245	0.513825	0.795117	0.988420	1.245990	-0.906395	2.387104
1209.2457	0.371033	0.544412	0.827521	1.024918	1.284009	-0.836290	2.333056
1216.2326	0.394722	0.571704	0.858289	1.059661	1.321857	-0.788348	2.278568
1223.2599	0.419291	0.599307	0.891442	1.096300	1.363593	-0.766259	2.228028
1230.3278	0.447594	0.630131	0.927986	1.135799	1.408378	-0.745351	2.228761
1237.4365	0.480383	0.664918	0.969032	1.179277	1.457682	-0.725778	2.304581
1244.5862	0.511923	0.698118	1.009310	1.221675	1.506696	-0.707014	2.382319
1251.7773	0.544552	0.732311	1.052484	1.266968	1.560417	-0.685412	2.466944
1259.0099	0.580549	0.768683	1.098048	1.313410	1.615548	-0.682473	2.553368
1266.2844	0.621932	0.808215	1.146307	1.360180	1.670682	-0.708329	2.641603
1273.6008	0.661590	0.847122	1.193113	1.406611	1.724637	-0.741296	2.729930
1280.9596	0.699235	0.885865	1.238793	1.453811	1.778351	-0.783917	2.819456
1288.3608	0.741268	0.930257	1.289751	1.507598	1.838234	-0.820512	2.912496
1295.8048	0.783228	0.976668	1.342802	1.565683	1.902376	-0.853966	3.005160
1303.2918	0.827141	1.024060	1.396102	1.622956	1.965063	-0.884981	3.096024
1310.8221	0.872922	1.072212	1.449679	1.679314	2.026435	-0.912804	3.184486
1318.3959	0.915948	1.116518	1.502693	1.734135	2.089439	-0.938202	3.270688
1326.0134	0.955453	1.155623	1.555423	1.787159	2.155392	-0.959460	3.354151
1333.6750	0.995719	1.197405	1.608119	1.842026	2.220518	-0.978585	3.436048
1341.3808	1.035270	1.241855	1.660169	1.899633	2.285068	-0.995001	3.514926
1349.1312	1.072300	1.283584	1.709847	1.954675	2.347394	-1.010443	3.592647
1356.9263	1.108938	1.323812	1.756952	2.005921	2.404966	-1.023240	3.669691
1364.7665	1.151936	1.369680	1.807753	2.060003	2.463571	-1.030940	3.751249
1372.6520	1.197518	1.417590	1.858724	2.113585	2.519931	-1.036265	3.834263
1380.5830	1.245078	1.466695	1.912842	2.169593	2.580605	-1.037732	3.921581
1388.5599	1.295133	1.517156	1.971615	2.229231	2.648097	-1.033426	4.015374
1396.5828	1.346162	1.568039	2.030498	2.288381	2.714833	-1.028262	4.110977
1404.6521	1.393225	1.613836	2.083097	2.340005	2.772969	-1.028349	4.202651
1412.7680	1.439188	1.660936	2.133868	2.392166	2.828548	-1.028243	4.295447
1420.9309	1.489461	1.715249	2.185836	2.448263	2.882210	-1.024052	4.393600
1429.1409	1.545734	1.774236	2.242752	2.507927	2.939770	-1.014398	4.497416
1437.3983	1.603230	1.832589	2.300689	2.566745	2.998149	-1.003024	4.603221
1445.7034	1.653310	1.884038	2.357454	2.625230	3.061598	-0.993399	4.705922
1454.0565	1.699841	1.931546	2.417165	2.686612	3.134489	-0.981766	4.808429
1462.4579	1.749737	1.983445	2.475127	2.747002	3.200518	-0.968021	4.909304
1470.9078	1.803401	2.041391	2.530224	2.806455	3.257048	-0.950811	5.007508
1479.4066	1.855546	2.096310	2.584607	2.863729	3.313667	-0.945096	5.101927
1487.9544	1.912750	2.154357	2.647108	2.927354	3.381467	-0.949051	5.199400
1496.5517	1.967274	2.212716	2.710139	2.994667	3.453004	-0.958872	5.292850
1505.1986	2.015661	2.268600	2.769308	3.061900	3.522955	-0.982096	5.375649
1513.8955	2.059230	2.317968	2.822638	3.121542	3.586046	-0.997525	5.448432
1522.6426	2.102411	2.364369	2.874158	3.176721	3.645906	-0.994728	5.513700
1531.4402	2.150131	2.415480	2.931006	3.237440	3.711882	-0.975201	5.581527
1540.2887	2.192484	2.462984	2.987695	3.300035	3.782906	-0.938407	5.645025
1549.1884	2.229330	2.507239	3.040679	3.361276	3.852028	-0.894761	5.707528
1558.1394	2.258101	2.546836	3.087384	3.419750	3.916666	-0.839601	5.768387
1567.1422	2.291136	2.589072	3.135610	3.477977	3.980084	-0.780329	5.830009
1576.1969	2.334509	2.639354	3.190894	3.540796	4.047278	-0.709572	5.897388
1585.3040	2.380614	2.691246	3.248608	3.604910	4.116602	-0.635576	5.967448
1594.4637	2.430036	2.744178	3.308224	3.668571	4.186412	-0.558289	6.039839
1603.6764	2.476567	2.797045	3.365900	3.733170	4.255233	-0.481136	6.113083
1612.9423	2.521867	2.853217	3.423235	3.802009	4.324603	-0.401305	6.190660
1622.2617	2.581509	2.921681	3.493447	3.881600	4.405386	-0.308321	6.283489
1631.6349	2.644336	2.991197	3.567457	3.962887	4.490577	-0.211173	6.383561
1641.0623	2.704739	3.058033	3.640831	4.043377	4.576924	-0.113214	6.487489
1650.5442	2.760430	3.120231	3.713107	4.123032	4.665784	-0.014123	6.597083
1660.0809	2.816200	3.185235	3.785501	4.205536	4.754803	0.085163	6.710452
1669.6726	2.877562	3.258702	3.858168	4.290902	4.838774	0.184721	6.830177
1679.3198	2.943866	3.332842	3.931848	4.372806	4.919830	0.283985	6.953374
1689.0228	3.010782	3.403214	4.007338	4.452204	5.003895	0.382725	7.082777
1698.7817	3.073283	3.470823	4.082873	4.533532	5.092463	0.481079	7.215386
1708.5971	3.136678	3.538819	4.158484	4.614386	5.180290	0.578735	7.353762
1718.4692	3.202554	3.608265	4.231804	4.691669	5.261055	0.676329	7.495024
1728.3983	3.262737	3.674145	4.300964	4.766998	5.339190	0.773806	7.641509
1738.3848	3.326004	3.743315	4.374998	4.847501	5.423992	0.876054	7.794922
1748.4290	3.392479	3.817982	4.459945	4.941612	5.527410	0.989051	7.962502
1758.5313	3.460291	3.893860	4.546440	5.037157	5.632590	1.081384	8.132168
1768.6919	3.506951	3.948600	4.612524	5.112342	5.718096	1.119181	8.282046
1778.9112	3.549093	3.998613	4.673640	5.182327	5.798188	1.142540	8.426655
1789.1895	3.604808	4.060606	4.744430	5.260188	5.884051	1.161822	8.580339
1799.5273	3.682604	4.142820	4.837046	5.358003	5.991488	1.212053	8.752382
1809.9248	3.762397	4.223995	4.932309	5.455460	6.102220	1.282223	8.920614
1820.3823	3.839218	4.305273	5.033903	5.562816	6.228589	1.363326	9.087485
1830.9003	3.923135	4.391472	5.139766	5.672115	6.356397	1.457350	9.244167
1841.4790	4.013008	4.484340	5.244927	5.781076	6.476846	1.548057	9.391354
1852.1189	4.107867	4.586498	5.350046	5.894033	6.592225	1.633766	9.521847
1862.8202	4.200769	4.686439	5.457101	6.008872	6.713433	1.708778	9.636430
1873.5834	4.300744	4.789336	5.568606	6.123905	6.836468	1.765733	9.723675
1884.4088	4.407257	4.896656	5.680525	6.236915	6.953792	1.811033	9.792668
1895.2967	4.523225	5.009977	5.791753	6.345248	7.060281	1.837258	9.832450
1906.2475	4.627642	5.114535	5.899652	6.453470	7.171661	1.856463	9.853702
1917.2616	4.719994	5.210262	6.005606	6.563516	7.291218	1.869261	9.850241
1928.3393	4.789886	5.287066	6.087196	6.652634	7.384507	1.864446	9.812524
1939.4811	4.856599	5.367174	6.161005	6.740209	7.465410	1.865365	9.749503
1950.6872	4.930180	5.447172	6.241273	6.827248	7.552366	1.885351	9.747718
1961.9580	5.017804	5.528970	6.337983	6.918610	7.658163	1.946557	9.870032
1973.2940	5.105704	5.612457	6.435691	7.012420	7.765677	2.026417	10.008290
1984.6955	5.191297	5.699485	6.540695	7.119881	7.890093	2.148536	10.183441
1996.1628	5.276764	5.791039	6.645357	7.231640	8.013950	2.287615	10.361619
2007.6965	5.364589	5.893249	6.749028	7.350529	8.133467	2.460223	10.545530
2019.2967	5.469964	6.003115	6.868173	7.474890	8.266382	2.628711	10.740566
2030.9640	5.580852	6.103835	6.994982	7.592368	8.409112	2.771740	10.935914
2042.6987	5.689427	6.207375	7.118645	7.711790	8.547863	2.854963	11.130282
2054.5012	5.796748	6.318203	7.236564	7.833774	8.676380	2.842049	11.323023
2066.3719	5.903602	6.430402	7.351764	7.954758	8.799926	2.837295	11.513862
2078.3111	6.006962	6.542407	7.461784	8.073773	8.916606	2.858195	11.700626
2090.3194	6.110630	6.652961	7.569714	8.188813	9.028798	2.892352	11.886473
2102.3970	6.217485	6.763044	7.676046	8.298346	9.134606	2.955391	12.073099
2114.5444	6.325536	6.876075	7.783735	8.410997	9.241935	3.029603	12.261009
2126.7621	6.433132	6.992006	7.890628	8.526187	9.348125	3.123352	12.447968
2139.0503	6.534747	7.101067	7.991787	8.634768	9.448827	3.218503	12.630710
2151.4095	6.632744	7.205861	8.092788	8.742724	9.552831	3.328398	12.816459
2163.8401	6.730467	7.311046	8.192322	8.849815	9.654176	3.411563	13.002085
2176.3425	6.831683	7.420878	8.292780	8.958849	9.753876	3.447815	13.191182
2188.9172	6.930610	7.528269	8.393820	9.068465	9.857030	3.481412	13.382341
2201.5645	7.023418	7.629155	8.493211	9.176281	9.963005	3.510090	13.574217
2214.2849	7.117364	7.731853	8.594118	9.286305	10.070872	3.542456	13.769367
2227.0788	7.214704	7.838741	8.697436	9.399486	10.180168	3.581498	13.969807
2239.9466	7.316897	7.948527	8.802601	9.512400	10.288305	3.624342	14.172969
2252.8888	7.425169	8.061948	8.911496	9.626477	10.397823	3.674693	14.381453
2265.9057	7.533962	8.173505	9.024915	9.742903	10.515867	3.720755	14.592045
2278.9979	7.645404	8.282063	9.148149	9.863875	10.650895	3.757510	14.807206
2292.1657	7.744356	8.382326	9.257223	9.974791	10.770089	3.766538	15.014192
2305.4096	7.833568	8.481334	9.351930	10.079583	10.870293	3.731541	15.219898
2318.7300	7.928075	8.579186	9.454055	10.185454	10.980035	3.704474	15.425915
2332.1274	8.037642	8.676750	9.572524	10.292388	11.107405	3.694877	15.632622
2345.6021	8.143879	8.775003	9.688591	10.400989	11.233303	3.662526	15.837012
2359.1548	8.239509	8.870985	9.799131	10.512665	11.358753	3.588052	16.036029
2372.7857	8.339827	8.971718	9.909468	10.623945	11.479110	3.519004	16.227687
2386.4954	8.446855	9.079107	10.019249	10.734231	11.591643	3.462824	16.406253
2400.2843	8.538988	9.175489	10.115248	10.834683	11.691509	3.405969	16.564330
2414.1529	8.613661	9.264142	10.201665	10.935697	11.789669	3.364586	16.700768
2428.1016	8.689839	9.350293	10.287970	11.032509	11.886101	3.325129	16.822117
2442.1309	8.770951	9.430585	10.371642	11.115495	11.972333	3.286321	16.907430
2456.2413	8.846394	9.507613	10.449022	11.194562	12.051649	3.247127	16.974751
2470.4332	8.911426	9.579417	10.513973	11.266281	12.116519	3.209036	17.002831
2484.7071	8.964645	9.640389	10.569575	11.329761	12.174505	3.170856	17.009345
2499.0635	9.010291	9.695734	10.622330	11.392589	12.234369	3.151212	16.984797
2513.5028	9.059630	9.750393	10.678322	11.454251	12.297014	3.149722	16.951969
2528.0255	9.110393	9.797451	10.734175	11.506666	12.357956	3.178114	16.895823
2542.6322	9.153011	9.841531	10.785735	11.560160	12.418460	3.219740	16.824523
2557.3232	9.185667	9.884726	10.832600	11.618311	12.479534	3.286072	16.730598
2572.0992	9.216910	9.926499	10.876363	11.673262	12.535815	3.355986	16.619229
2586.9605	9.244612	9.963389	10.912420	11.718948	12.580228	3.426953	16.475159
2601.9077	9.275284	10.005172	10.952246	11.770367	12.629208	3.492248	16.326525
2616.9412	9.303789	10.049376	10.991935	11.826343	12.680081	3.533768	16.161102
2632.0616	9.323900	10.084646	11.024733	11.874967	12.725566	3.554387	16.065629
2647.2694	9.338339	10.112632	11.054822	11.919426	12.771304	3.538623	16.152127
2662.5650	9.349785	10.136505	11.083159	11.961079	12.816533	3.514045	16.235734
2677.9490	9.361671	10.157216	11.113071	12.000765	12.864471	3.473929	16.318158
2693.4219	9.372542	10.175119	11.144119	12.039906	12.915695	3.440051	16.399429
2708.9842	9.388401	10.192635	11.182756	12.081398	12.977111	3.425803	16.482894
2724.6364	9.400615	10.206843	11.215569	12.117291	13.030524	3.420756	16.560517
2740.3791	9.412762	10.222155	11.245013	12.150809	13.077265	3.440885	16.634828
2756.2127	9.427042	10.239486	11.273543	12.183139	13.120044	3.467586	16.705542
2772.1378	9.435370	10.250680	11.291158	12.204110	13.146946	3.493918	16.760329
2788.1549	9.439879	10.259053	11.308128	12.225599	13.176377	3.507426	16.813261
2804.2646	9.434241	10.259761	11.323331	12.248244	13.212420	3.490668	16.862571
2820.4673	9.431863	10.261864	11.339793	12.270178	13.247724	3.464377	16.910489
2836.7637	9.441140	10.269571	11.359580	12.288948	13.278019	3.416369	16.955178
2853.1542	9.445235	10.276187	11.378505	12.311174	13.311775	3.376569	16.998794
2869.6394	9.433743	10.278721	11.395245	12.343426	13.356747	3.357654	17.039681
2886.2199	9.418259	10.275031	11.403603	12.364832	13.388946	3.331803	17.071205
2902.8961	9.407112	10.270103	11.405414	12.373544	13.403716	3.303113	17.093666
2919.6688	9.394145	10.264163	11.408440	12.384439	13.422736	3.277536	17.114757
2936.5383	9.374074	10.254221	11.414059	12.401538	13.454044	3.258610	17.132910
2953.5053	9.350967	10.242710	11.417676	12.418156	13.484384	3.242181	17.149800
2970.5703	9.323964	10.228400	11.415177	12.429641	13.506391	3.227852	17.162466
2987.7340	9.299854	10.214439	11.412132	12.437853	13.524410	3.205342	17.172890
3004.9968	9.283817	10.203403	11.411101	12.442613	13.538386	3.167860	17.181545
3022.3593	9.246339	10.174709	11.394030	12.435400	13.541722	3.108986	17.175049
3039.8222	9.196368	10.141959	11.374044	12.434212	13.551721	3.035763	17.168611
3057.3859	9.150973	10.112539	11.355924	12.433501	13.560875	2.966367	17.162240
3075.0512	9.113626	10.089541	11.342661	12.435856	13.571697	2.907074	17.155916
3092.8185	9.075930	10.065869	11.326396	12.434742	13.576862	2.857530	17.148661
3110.6885	9.023402	10.027124	11.289662	12.412622	13.555922	2.821917	17.126528
3128.6617	8.970493	9.988161	11.256573	12.394522	13.542652	2.792718	17.103560
3146.7387	8.917437	9.949020	11.232701	12.386099	13.547964	2.779689	17.078570
3164.9203	8.866187	9.908542	11.209876	12.375542	13.553564	2.761618	17.051697
3183.2068	8.822427	9.867189	11.188319	12.357560	13.554210	2.732189	17.020550
3201.5991	8.768102	9.814917	11.158918	12.331525	13.549734	2.675750	16.989672
3220.0975	8.714370	9.766000	11.141364	12.320688	13.568357	2.594842	16.987611
3238.7029	8.653689	9.713154	11.114039	12.302954	13.574389	2.502105	17.000967
3257.4158	8.582179	9.655955	11.066613	12.271106	13.551047	2.391414	17.050451
3276.2368	8.507361	9.599149	11.015589	12.239345	13.523817	2.282446	17.099086
3295.1665	8.422004	9.542225	10.955901	12.209441	13.489798	2.179575	17.140805
3314.2057	8.344649	9.483790	10.900380	12.173989	13.456111	2.080197	17.174755
3333.3548	8.287490	9.418006	10.853137	12.118643	13.418784	1.987187	17.183093
3352.6145	8.224933	9.354376	10.798879	12.063747	13.372824	1.888807	17.175993
3371.9856	8.156649	9.306820	10.734357	12.020152	13.312064	1.784872	17.134512
3391.4685	8.088465	9.254465	10.672359	11.974309	13.256253	1.674864	17.078792
3411.0641	8.019058	9.190304	10.616105	11.923993	13.213152	1.551062	16.990722
3430.7728	7.955339	9.124793	10.563657	11.870346	13.171976	1.424043	16.890526
3450.5955	7.900142	9.056166	10.518281	11.812057	13.136421	1.292061	16.769407
3470.5326	7.842238	8.990667	10.469979	11.756665	13.097719	1.162657	16.643956
3490.5850	7.776811	8.932640	10.413905	11.708483	13.051000	1.039887	16.513125
3510.7532	7.711123	8.874975	10.360127	11.663354	13.009131	0.919634	16.385596
3531.0380	7.646701	8.817161	10.314508	11.625334	12.982316	0.805303	16.268648
3551.4399	7.585686	8.763564	10.269370	11.588448	12.953053	0.690190	16.158369
3571.9598	7.534953	8.722643	10.225539	11.554793	12.916126	0.572649	16.067881
3592.5982	7.485415	8.679643	10.183251	11.519423	12.881086	0.455739	15.983603
3613.3558	7.439788	8.630562	10.145619	11.478759	12.851451	0.340735	15.918085
3634.2334	7.394884	8.581277	10.105224	11.434219	12.815563	0.229992	15.855213
3655.2316	7.350890	8.530826	10.057445	11.379784	12.763999	0.130614	15.799397
3676.3511	7.295841	8.479226	10.004413	11.330307	12.712985	0.033314	15.739254
3697.5927	7.220438	8.427179	9.940474	11.290328	12.660509	-0.060199	15.669324
3718.9570	7.152100	8.374791	9.878041	11.244156	12.603982	-0.160557	15.586570
3740.4447	7.098413	8.319721	9.820746	11.185288	12.543079	-0.276121	15.478321
3762.0566	7.038694	8.260680	9.756719	11.121712	12.474744	-0.402714	15.353701
3783.7934	6.964958	8.194718	9.674410	11.046726	12.383862	-0.553834	15.193355
3805.6557	6.903215	8.140416	9.600801	10.979934	12.298387	-0.695830	15.034263
3827.6444	6.833157	8.078417	9.515048	10.901413	12.196939	-0.847735	14.842006
3849.7601	6.754757	8.009246	9.422752	10.817617	12.090748	-1.003533	14.648250
3872.0036	6.662174	7.929696	9.321902	10.729363	11.981630	-1.159437	14.462017
3894.3756	6.568489	7.849962	9.218921	10.639845	11.869353	-1.312847	14.301886
3916.8769	6.488322	7.785125	9.122526	10.557925	11.756729	-1.444795	14.239198
3939.5082	6.407412	7.719247	9.026579	10.476220	11.645746	-1.575570	14.178513
3962.2702	6.321783	7.648454	8.929538	10.393414	11.537292	-1.705693	14.120491
3985.1638	6.247544	7.577409	8.839037	10.305252	11.430529	-1.834243	14.064009
4008.1896	6.194425	7.504858	8.762808	10.208374	11.331190	-1.959478	14.010487
4031.3485	6.162298	7.454158	8.709405	10.135280	11.256513	-2.054454	13.983724
4054.6412	6.120443	7.397889	8.646348	10.056692	11.172253	-2.139138	13.959141
4078.0685	6.071802	7.341538	8.581939	9.983743	11.092076	-2.222255	13.932771
4101.6311	6.001147	7.284843	8.516168	9.932189	11.031188	-2.302464	13.900822
4125.3299	5.924037	7.223139	8.448468	9.880391	10.972898	-2.383587	13.865789
4149.1656	5.825085	7.144376	8.374313	9.827730	10.923541	-2.467932	13.820600
4173.1391	5.729239	7.064942	8.298466	9.769347	10.867693	-2.551651	13.772110
4197.2510	5.651697	6.990887	8.224213	9.698754	10.796729	-2.625886	13.719740
4221.5023	5.587926	6.928879	8.161061	9.637397	10.734195	-2.688800	13.674666
4245.8936	5.528713	6.868544	8.098716	9.573765	10.668719	-2.750282	13.619588
4270.4260	5.454793	6.795919	8.022166	9.498372	10.589538	-2.829166	13.548632
4295.1000	5.372481	6.720323	7.938008	9.420834	10.503536	-2.923051	13.467186
4319.9166	5.295031	6.646802	7.860208	9.346944	10.425385	-3.023517	13.386528
4344.8767	5.228875	6.575720	7.794150	9.275966	10.359425	-3.139986	13.305610
4369.9809	5.162319	6.503211	7.725712	9.201474	10.289104	-3.265918	13.220890
4395.2302	5.103804	6.437794	7.658803	9.127223	10.213803	-3.402124	13.137077
4420.6253	5.042551	6.370844	7.592847	9.055322	10.143143	-3.540177	13.052271
4446.1672	4.962628	6.291147	7.525447	8.988807	10.088267	-3.687419	12.959198
4471.8567	4.875775	6.207526	7.447509	8.914570	10.019243	-3.854999	12.861373
4497.6946	4.777039	6.122552	7.344260	8.824845	9.911481	-4.083247	12.759111
4523.6818	4.690084	6.046926	7.254032	8.745774	9.817979	-4.305919	12.665474
4549.8191	4.613003	5.972261	7.177251	8.671425	9.741499	-4.541520	12.569707
4576.1075	4.541666	5.902471	7.103258	8.598839	9.664849	-4.777444	12.476210
4602.5477	4.483601	5.843144	7.033578	8.527286	9.583554	-5.016689	12.385900
4629.1408	4.422343	5.782026	6.963109	8.456472	9.503875	-5.259327	12.294636
4655.8874	4.358556	5.722156	6.897293	8.394467	9.436030	-5.501948	12.207843
4682.7887	4.294442	5.662641	6.830938	8.332593	9.367434	-5.745443	12.121475
4709.8453	4.228411	5.602201	6.760733	8.267760	9.293056	-5.992365	12.033726
4737.0583	4.161761	5.542176	6.689806	8.203233	9.217851	-6.238902	11.946152
4764.4285	4.093711	5.483772	6.617297	8.140135	9.140884	-6.483403	11.859304
4791.9568	4.031041	5.430892	6.553827	8.086414	9.076614	-6.719938	11.778824
4819.6443	3.968349	5.377155	6.502154	8.044275	9.035960	-6.949078	11.699722
4847.4916	3.909002	5.325441	6.452799	8.003078	8.996595	-7.173982	11.624197
4875.4999	3.858227	5.276446	6.406686	7.958991	8.955145	-7.388217	11.556781
4903.6700	3.809783	5.227968	6.365725	7.918390	8.921667	-7.597561	11.513604
4932.0029	3.761723	5.174446	6.333779	7.881829	8.905836	-7.798679	11.537156
4960.4995	3.711016	5.122738	6.301170	7.849172	8.891325	-7.993667	11.578950
4989.1607	3.651644	5.073651	6.263243	7.822658	8.874842	-8.177309	11.654564
5017.9875	3.596784	5.025162	6.224911	7.791567	8.853039	-8.353547	11.736142
5046.9809	3.554316	4.976518	6.185780	7.746435	8.817244	-8.515912	11.822469
5076.1418	3.503850	4.927493	6.145820	7.708469	8.787791	-8.670322	11.910201
5105.4712	3.423638	4.874871	6.100932	7.693028	8.778226	-8.808548	11.997793
5134.9701	3.342326	4.822008	6.057185	7.679707	8.772043	-8.939966	12.084321
5164.6394	3.266243	4.771242	6.021475	7.671438	8.776707	-9.045565	12.168695
5194.4801	3.202013	4.724144	5.990481	7.659325	8.778949	-9.142324	12.252501
5224.4933	3.183308	4.688494	5.974983	7.627051	8.766658	-9.206599	12.330032
5254.6798	3.164476	4.656830	5.960257	7.599709	8.756039	-9.260319	12.406367
5285.0408	3.133809	4.628320	5.935882	7.577822	8.737955	-9.286627	12.465597
5315.5772	3.103596	4.604466	5.913058	7.561746	8.722520	-9.299240	12.523741
5346.2900	3.063531	4.581775	5.883656	7.550278	8.703780	-9.286935	12.568435
5377.1803	3.029034	4.555059	5.859663	7.534620	8.690293	-9.262450	12.609320
5408.2491	3.008515	4.516669	5.848879	7.506478	8.689244	-9.214956	12.642365
5439.4974	2.987183	4.479348	5.838282	7.480455	8.689380	-9.156430	12.673065
5470.9262	2.958860	4.448508	5.823966	7.464359	8.689072	-9.075618	12.699957
5502.5366	2.926687	4.418299	5.806833	7.449982	8.686979	-8.986762	12.725492
5534.3297	2.893516	4.398970	5.791586	7.449520	8.689656	-8.865239	12.758316
5566.3064	2.861759	4.379631	5.781224	7.452701	8.700688	-8.762398	12.792855
5598.4679	2.823230	4.345313	5.778170	7.455725	8.733110	-8.759780	12.820081
5630.8153	2.782143	4.307645	5.770333	7.453057	8.758524	-8.776285	12.840958
5663.3495	2.752465	4.277719	5.763677	7.447364	8.774890	-8.855358	12.856063
5696.0717	2.722548	4.250383	5.758057	7.445604	8.793567	-8.926204	12.875856
5728.9830	2.673547	4.214238	5.739715	7.441730	8.805883	-8.986607	12.894691
5762.0845	2.628644	4.178784	5.723911	7.436906	8.819179	-9.044734	12.913802
5795.3772	2.597724	4.146812	5.716956	7.430161	8.836189	-9.098351	12.934037
5828.8622	2.568201	4.115737	5.711009	7.423902	8.853817	-9.152043	12.955715
5862.5408	2.538964	4.086383	5.705037	7.419037	8.871110	-9.207271	12.980781
5896.4139	2.510936	4.060542	5.698888	7.416225	8.886839	-9.262972	13.007406
5930.4827	2.488796	4.047138	5.693972	7.420952	8.899147	-9.317811	13.039478
5964.7484	2.477150	4.039901	5.698878	7.431138	8.920607	-9.366312	13.077583
5999.2121	2.489045	4.033257	5.724858	7.439321	8.960672	-9.410015	13.117530
6033.8749	2.486801	4.014230	5.737329	7.435782	8.987856	-9.463615	13.146503
6068.7380	2.465235	3.983728	5.732430	7.422824	8.999624	-9.517399	13.170175
6103.8025	2.443890	3.954288	5.725597	7.408660	9.007305	-9.570782	13.193307
6139.0696	2.422354	3.928358	5.710452	7.389457	8.998551	-9.623017	13.213778
6174.5405	2.398741	3.904636	5.694767	7.374080	8.990792	-9.675465	13.232275
6210.2163	2.376923	3.895234	5.686825	7.379284	8.996727	-9.719972	13.253910
6246.0983	2.346113	3.881487	5.680643	7.391461	9.015173	-9.762162	13.276274
6282.1875	2.284381	3.846245	5.671201	7.411260	9.058021	-9.806208	13.293890
6318.4853	2.219213	3.811675	5.657555	7.430922	9.095896	-9.853133	13.309929
6354.9929	2.153480	3.785105	5.631374	7.445986	9.109268	-9.909303	13.321557
6391.7113	2.098744	3.760043	5.608056	7.453995	9.117368	-9.971732	13.331908
6428.6419	2.082401	3.733664	5.599449	7.435759	9.116498	-10.057321	13.337002
6465.7859	2.058281	3.704747	5.589974	7.422257	9.121667	-10.150386	13.340363
6503.1445	1.987045	3.662950	5.573072	7.437652	9.159098	-10.277436	13.335691
6540.7190	1.922494	3.624824	5.554888	7.448334	9.187283	-10.409369	13.328625
6578.5106	1.879996	3.593238	5.517649	7.422284	9.155302	-10.579004	13.296743
6616.5205	1.825913	3.549827	5.478446	7.394535	9.130978	-10.754744	13.255823
6654.7500	1.748938	3.482225	5.448333	7.376261	9.147729	-10.935617	13.199701
6693.2005	1.676705	3.414481	5.410960	7.345211	9.145214	-11.120926	13.129412
6731.8730	1.645925	3.374932	5.375475	7.300710	9.105025	-11.293706	13.046838
6770.7691	1.623516	3.349428	5.344509	7.266199	9.065502	-11.448700	12.986957
6809.8899	1.592406	3.334517	5.305997	7.243496	9.019588	-11.578428	12.974484
6849.2367	1.556630	3.316025	5.268011	7.222678	8.979392	-11.697872	12.968538
6888.8108	1.510807	3.282504	5.236811	7.204549	8.962815	-11.791662	12.965631
6928.6136	1.471302	3.251221	5.206393	7.182831	8.941483	-11.879427	12.959201
6968.6464	1.471721	3.239238	5.177316	7.139800	8.882911	-11.945233	12.932021
7008.9105	1.468711	3.221071	5.150571	7.096650	8.832431	-12.009303	12.901831
7049.4072	1.445352	3.167626	5.136565	7.053050	8.827779	-12.063973	12.854558
7090.1379	1.415552	3.110408	5.118613	7.008303	8.821673	-12.119610	12.803628
7131.1040	1.363303	3.042349	5.089099	6.964176	8.814895	-12.173843	12.742398
7172.3067	1.301765	2.971410	5.056255	6.923440	8.810745	-12.232312	12.679780
7213.7475	1.220696	2.899536	5.021469	6.900284	8.822242	-12.297077	12.621069
7255.4278	1.141398	2.832087	4.980767	6.873461	8.820135	-12.366482	12.554914
7297.3489	1.072179	2.776241	4.923239	6.829922	8.774299	-12.447848	12.465906
7339.5121	1.004286	2.720907	4.862928	6.782569	8.721571	-12.534858	12.376478
7381.9190	0.935373	2.661462	4.800762	6.730226	8.666152	-12.634673	12.295107
7424.5710	0.865635	2.597845	4.735275	6.671084	8.604916	-12.737338	12.213862
7467.4693	0.792165	2.517525	4.655758	6.584399	8.519351	-12.846482	12.128672
7510.6156	0.713788	2.434656	4.573155	6.497081	8.432522	-12.957251	12.039960
7554.0111	0.621648	2.356252	4.491514	6.429729	8.361381	-13.060321	11.946780
7597.6574	0.526067	2.271435	4.411540	6.361338	8.297012	-13.163455	11.851411
7641.5558	0.419120	2.157081	4.350761	6.295583	8.282403	-13.257888	11.751876
7685.7079	0.327895	2.050763	4.286375	6.217517	8.244856	-13.398031	11.651323
7730.1151	0.292641	1.972254	4.206833	6.092390	8.121026	-13.707523	11.545218
7774.7788	0.268435	1.900996	4.127054	5.962633	7.985672	-14.081748	11.438510
7819.7007	0.261124	1.842487	4.048766	5.829413	7.836408	-14.605261	11.329837
7864.8821	0.227627	1.773086	3.964918	5.707012	7.702209	-15.107229	11.220061
7910.3245	0.107489	1.663768	3.861555	5.615351	7.615621	-15.487644	11.105287
7956.0295	-0.021723	1.540787	3.756066	5.517342	7.533856	-15.814485	10.988167
8001.9986	-0.117928	1.409573	3.674231	5.401254	7.466390	-15.984812	10.886384
8048.2333	-0.216952	1.278622	3.585069	5.280684	7.387090	-16.115402	10.785960
8094.7351	-0.336699	1.168581	3.452030	5.156651	7.240759	-16.071554	10.700066
8141.5056	-0.457942	1.058070	3.319294	5.034042	7.096530	-16.003864	10.616655
8188.5463	-0.591120	0.940315	3.187395	4.917633	6.965910	-15.788716	10.545819
8235.8588	-0.726751	0.819745	3.055949	4.801468	6.838648	-15.633214	10.469732
8283.4447	-0.868219	0.691520	2.931929	4.691610	6.732076	-15.751292	10.374404
8331.3056	-1.007573	0.567973	2.806091	4.582290	6.619755	-15.917908	10.270159
8379.4430	-1.136833	0.463226	2.675149	4.475773	6.487132	-16.195761	10.141987
8427.8585	-1.261207	0.359884	2.548019	4.369530	6.357245	-16.488873	10.019746
8476.5537	-1.377932	0.250753	2.430877	4.259959	6.239685	-16.789623	9.920590
8525.5304	-1.506232	0.132373	2.312512	4.152037	6.131256	-17.092606	9.829747
8574.7899	-1.672153	-0.009161	2.189586	4.055760	6.051325	-17.394597	9.759344
8624.3342	-1.828355	-0.145178	2.070568	3.958885	5.969492	-17.696033	9.689431
8674.1646	-1.912193	-0.237652	1.976198	3.855324	5.864589	-17.992217	9.612790
8724.2830	-2.004833	-0.335931	1.881203	3.754567	5.767240	-18.287729	9.535381
8774.6910	-2.187954	-0.491210	1.774686	3.679922	5.737326	-18.577499	9.457975
8825.3902	-2.362758	-0.639860	1.668887	3.603907	5.700531	-18.868504	9.379494
8876.3823	-2.475107	-0.737255	1.575210	3.526167	5.625527	-19.160288	9.301293
8927.6691	-2.591625	-0.837609	1.477881	3.446011	5.547387	-19.458411	9.217218
8979.2522	-2.709841	-0.934353	1.383483	3.374339	5.476807	-19.763440	9.128002
9031.1334	-2.844127	-1.040789	1.289427	3.310249	5.422981	-20.071742	9.033273
9083.3143	-3.026286	-1.176794	1.197363	3.269079	5.421013	-20.386344	8.924719
9135.7967	-3.200528	-1.312811	1.109015	3.223476	5.418559	-20.701513	8.806885
9188.5823	-3.328269	-1.435842	1.030489	3.152249	5.389247	-21.016383	8.665543
9241.6730	-3.461738	-1.564396	0.947125	3.076436	5.355988	-21.328816	8.512329
9295.0704	-3.647213	-1.723937	0.837261	2.996484	5.321735	-21.632850	8.324653
9348.7763	-3.827466	-1.884476	0.726733	2.909339	5.280932	-21.933785	8.155903
9402.7925	-3.932519	-2.027488	0.633228	2.778483	5.198976	-22.215519	8.146312
9457.1208	-4.051604	-2.175208	0.528723	2.646110	5.109050	-22.499283	8.142245
9511.7630	-4.243676	-2.312229	0.382695	2.557555	5.009066	-22.751140	8.214128
9566.7210	-4.423876	-2.443205	0.243727	2.469980	4.911329	-22.993610	8.291406
9621.9964	-4.551745	-2.551037	0.133226	2.380431	4.818197	-23.195888	8.388781
9677.5913	-4.676373	-2.655837	0.027298	2.295315	4.730969	-23.384974	8.498085
9733.5074	-4.807344	-2.761215	-0.075019	2.220098	4.657305	-23.542918	8.638600
9789.7465	-4.941666	-2.876455	-0.169320	2.146985	4.603027	-23.685213	8.785416
9846.3106	-5.084352	-3.022977	-0.240475	2.075758	4.603401	-23.792171	8.938161
9903.2015	-5.225838	-3.170918	-0.308597	2.005040	4.608644	-23.884391	9.074619
9960.4212	-5.364717	-3.312222	-0.386275	1.928157	4.592167	-23.951585	9.142745
10017.9714	-5.504834	-3.449868	-0.461049	1.859292	4.582736	-24.012239	9.203361
10075.8541	-5.652200	-3.571545	-0.511771	1.839344	4.628658	-24.054499	9.275336
10134.0713	-5.801184	-3.691714	-0.570196	1.814498	4.660791	-24.096798	9.339006
10192.6249	-5.936162	-3.783103	-0.689219	1.739904	4.557724	-24.126224	9.344022
10251.5168	-6.063355	-3.876248	-0.804025	1.659798	4.455305	-24.153490	9.340873
10310.7489	-6.134994	-3.982682	-0.888580	1.539768	4.357834	-24.165375	9.278336
10370.3233	-6.210887	-4.085201	-0.978479	1.422507	4.253930	-24.173457	9.242415
10430.2419	-6.306614	-4.166231	-1.090528	1.324296	4.125558	-24.163849	9.327563
10490.5068	-6.404554	-4.244134	-1.203139	1.230950	3.998276	-24.145685	9.440827
10551.1198	-6.513232	-4.330107	-1.319853	1.136518	3.873526	-24.115976	9.592619
10612.0830	-6.631855	-4.422751	-1.438549	1.043797	3.754757	-24.088817	9.749652
10673.3985	-6.755109	-4.510693	-1.539253	0.979591	3.676603	-24.054197	9.925452
10735.0682	-6.866296	-4.584379	-1.642261	0.914515	3.581775	-24.018715	10.108711
10797.0943	-6.921433	-4.599133	-1.767810	0.825644	3.385812	-23.984524	10.311347
10859.4787	-6.979884	-4.617234	-1.892728	0.737579	3.194427	-23.952464	10.517662
10922.2236	-7.120249	-4.720091	-2.000209	0.669336	3.119831	-23.943262	10.729287
10985.3310	-7.249048	-4.816225	-2.101527	0.602129	3.045993	-23.936717	10.940489
11048.8031	-7.231833	-4.816554	-2.139111	0.544117	2.953610	-23.948894	11.149244
11112.6419	-7.215373	-4.822308	-2.173955	0.484360	2.867462	-23.958908	11.357197
11176.8495	-7.223547	-4.878109	-2.214576	0.394404	2.794394	-23.977829	11.540145
11241.4281	-7.211834	-4.924821	-2.253381	0.294518	2.705073	-23.996648	11.710718
11306.3799	-7.119677	-4.923706	-2.283743	0.166667	2.552191	-24.012520	11.842331
11371.7069	-7.036362	-4.921804	-2.311443	0.051713	2.413476	-24.026646	11.953774
11437.4114	-7.022697	-4.941057	-2.334457	-0.006149	2.353782	-24.036400	12.017172
11503.4956	-7.028574	-4.964510	-2.356526	-0.046645	2.315522	-24.045203	12.058257
11569.9615	-7.062256	-4.989804	-2.378166	-0.059264	2.305925	-24.053335	12.046413
11636.8115	-7.088234	-5.010309	-2.394618	-0.069742	2.298998	-24.061344	12.017640
11704.0477	-7.045359	-5.001302	-2.381184	-0.091725	2.282991	-24.069203	11.935659
11771.6724	-7.000387	-4.989405	-2.365261	-0.110404	2.269866	-24.076721	11.845947
11839.6879	-6.991698	-4.969142	-2.345876	-0.078884	2.299945	-24.080235	11.710452
11908.0963	-6.980088	-4.941352	-2.331419	-0.048096	2.317251	-24.084128	11.571708
11976.9000	-6.945338	-4.853696	-2.356279	-0.023188	2.232779	-24.091120	11.406995
12046.1013	-6.910441	-4.778511	-2.381245	-0.011015	2.147950	-24.116899	11.238898
12115.7023	-6.878931	-4.769440	-2.399973	-0.054824	2.078986	-24.226270	11.060075
12185.7055	-6.843674	-4.762227	-2.409783	-0.095051	2.024107	-24.337067	10.878550
12256.1132	-6.793382	-4.732347	-2.390772	-0.098097	2.011838	-24.416115	10.692188
12326.9277	-6.734692	-4.697304	-2.370777	-0.103785	1.993138	-24.479686	10.503160
12398.1514	-6.654245	-4.656905	-2.364259	-0.141204	1.925727	-24.506406	10.309048
12469.7866	-6.581394	-4.621951	-2.358228	-0.176586	1.864938	-24.517820	10.112693
12541.8356	-6.570254	-4.625146	-2.351474	-0.184398	1.867306	-24.495581	9.901743
12614.3010	-6.560244	-4.628819	-2.337254	-0.183639	1.885736	-24.459764	9.692458
12687.1851	-6.551747	-4.653419	-2.313511	-0.192191	1.924725	-24.394677	9.456535
12760.4903	-6.543762	-4.676571	-2.293954	-0.203162	1.955853	-24.329258	9.215405
12834.2190	-6.515931	-4.643192	-2.313984	-0.220162	1.887962	-24.247984	8.937335
12908.3737	-6.495318	-4.616508	-2.335869	-0.238213	1.823579	-24.166534	8.655206
12982.9569	-6.512744	-4.624818	-2.364369	-0.258178	1.784006	-24.079772	8.353526
13057.9710	-6.523690	-4.629576	-2.388037	-0.276329	1.747615	-23.985268	8.114461
13133.4186	-6.497471	-4.609874	-2.392300	-0.288712	1.712871	-23.864075	8.129281
13209.3020	-6.460950	-4.585417	-2.393061	-0.303500	1.674827	-23.736680	8.167434
13285.6240	-6.400626	-4.549464	-2.383732	-0.321224	1.633162	-23.593804	8.149030
13362.3868	-6.341111	-4.507402	-2.373759	-0.331310	1.593594	-23.444132	8.091717
13439.5933	-6.318978	-4.464581	-2.384867	-0.323479	1.549244	-23.294316	7.902178
13517.2458	-6.297683	-4.424112	-2.397702	-0.318936	1.502279	-23.146552	7.712963
13595.3470	-6.243675	-4.399885	-2.399684	-0.353645	1.444307	-23.012021	7.663026
13673.8994	-6.189553	-4.379656	-2.400739	-0.391497	1.388075	-22.880388	7.629467
13752.9057	-6.179662	-4.404214	-2.401314	-0.427071	1.377034	-22.779305	7.676897
13832.3685	-6.174678	-4.428682	-2.403093	-0.458658	1.368491	-22.683964	7.754605
13912.2905	-6.212929	-4.452364	-2.415520	-0.455157	1.381889	-22.639279	8.099216
13992.6742	-6.245863	-4.470138	-2.428238	-0.451652	1.389386	-22.610552	8.446790
14073.5223	-6.242685	-4.459744	-2.439698	-0.456665	1.363289	-22.645937	8.743020
14154.8376	-6.253156	-4.457367	-2.453969	-0.458288	1.345219	-22.705567	9.013589
14236.6227	-6.333964	-4.499972	-2.479527	-0.442737	1.374910	-22.823209	9.214122
14318.8804	-6.408117	-4.542635	-2.509826	-0.439237	1.388465	-22.959543	9.378746
14401.6133	-6.404440	-4.552170	-2.550062	-0.494996	1.304317	-23.125072	9.456607
14484.8243	-6.394588	-4.560084	-2.593785	-0.559304	1.207017	-23.294996	9.497919
14568.5161	-6.428807	-4.591961	-2.645864	-0.609982	1.137078	-23.459121	9.434756
14652.6914	-6.469356	-4.625633	-2.697950	-0.655798	1.073455	-23.620524	9.346601
14737.3530	-6.515304	-4.644318	-2.737649	-0.667904	1.040006	-23.760227	9.138870
14822.5039	-6.560992	-4.661340	-2.777115	-0.678377	1.006762	-23.897303	8.921167
14908.1467	-6.623800	-4.686346	-2.848576	-0.712492	0.926648	-24.030681	8.589529
14994.2843	-6.688794	-4.719418	-2.921643	-0.754062	0.845508	-24.166264	8.244727
15080.9197	-6.767657	-4.804211	-3.003724	-0.842242	0.760208	-24.316882	7.822412
15168.0556	-6.859945	-4.903257	-3.091329	-0.936358	0.677286	-24.495846	7.388776
15255.6950	-7.001215	-5.038066	-3.196622	-1.033297	0.607971	-24.786770	6.943223
15343.8407	-7.174218	-5.196971	-3.307521	-1.126830	0.559176	-25.101842	6.545473
15432.4958	-7.434313	-5.422732	-3.426887	-1.204458	0.580539	-25.431832	6.339588
15521.6631	-7.715222	-5.668565	-3.551234	-1.285491	0.612754	-25.760385	6.161139
15611.3456	-8.009271	-5.942938	-3.690293	-1.396720	0.628686	-26.068951	5.929082
15701.5462	-8.322458	-6.226474	-3.838125	-1.506200	0.646209	-26.367028	5.679451
15792.2681	-8.758414	-6.540644	-4.030707	-1.564193	0.696999	-26.613061	5.369670
15883.5141	-9.192804	-6.848879	-4.222641	-1.617215	0.747521	-26.847847	5.063049
15975.2873	-9.212768	-6.868821	-4.242558	-1.637106	0.727653	-26.867764	5.043132
16067.5908	-9.231842	-6.887888	-4.261617	-1.656158	0.708608	-26.886823	5.024073
16160.4276	-9.248847	-6.904922	-4.278683	-1.673256	0.691481	-26.903889	5.007007
16253.8008	-9.265855	-6.921957	-4.295750	-1.690354	0.674355	-26.920956	4.989940
16347.7135	-9.285923	-6.942042	-4.315853	-1.710475	0.654218	-26.941059	4.969837
16442.1688	-9.306821	-6.962935	-4.336741	-1.731358	0.633339	-26.961947	4.948949
16537.1699	-9.326388	-6.982489	-4.356279	-1.750882	0.613829	-26.981485	4.929411
16632.7199	-9.342595	-6.998692	-4.372478	-1.767076	0.597639	-26.997684	4.913212
16728.8219	-9.358778	-7.014882	-4.388677	-1.783283	0.581424	-27.013883	4.897013
16825.4793	-9.377287	-7.033415	-4.407237	-1.801870	0.562813	-27.032443	4.878453
16922.6951	-9.396496	-7.052630	-4.426457	-1.821096	0.543581	-27.051663	4.859233
17020.4726	-9.415328	-7.071444	-4.445252	-1.839871	0.524825	-27.070458	4.840438
17118.8150	-9.433009	-7.089120	-4.462921	-1.857534	0.507167	-27.088127	4.822769
17217.7257	-9.450677	-7.106788	-4.480591	-1.875205	0.489495	-27.105797	4.805099
17317.2078	-9.470729	-7.126862	-4.500688	-1.895326	0.469352	-27.125894	4.785002
17417.2648	-9.491513	-7.147667	-4.521518	-1.916179	0.448478	-27.146724	4.764172
17517.8998	-9.511123	-7.167276	-4.541126	-1.935786	0.428871	-27.166332	4.744564
17619.1164	-9.527316	-7.183458	-4.557295	-1.951943	0.412727	-27.182501	4.728395
17720.9177	-9.543511	-7.199641	-4.573463	-1.968097	0.396584	-27.198669	4.712227
17823.3073	-9.561543	-7.217699	-4.591552	-1.986215	0.378440	-27.216758	4.694138
17926.2884	-9.580156	-7.236358	-4.610261	-2.004975	0.359634	-27.235467	4.675429
18029.8646	-9.598712	-7.254935	-4.628862	-2.023600	0.340987	-27.254068	4.656828
18134.0392	-9.617025	-7.273230	-4.647136	-2.041853	0.322753	-27.272342	4.638554
18238.8157	-9.635339	-7.291525	-4.665410	-2.060107	0.304518	-27.290616	4.620280
18344.1976	-9.652349	-7.308559	-4.682471	-2.077195	0.287406	-27.307677	4.603219
18450.1884	-9.668912	-7.325158	-4.699112	-2.093876	0.270688	-27.324318	4.586578
18556.7916	-9.686125	-7.342390	-4.716364	-2.111148	0.253398	-27.341570	4.569326
18664.0107	-9.705358	-7.361622	-4.735596	-2.130379	0.234167	-27.360802	4.550094
18771.8493	-9.724587	-7.380853	-4.754828	-2.149613	0.214931	-27.380034	4.530862
18880.3111	-9.741213	-7.397478	-4.771452	-2.166236	0.198310	-27.396658	4.514238
18989.3994	-9.756735	-7.413063	-4.787108	-2.181963	0.182518	-27.412314	4.498582
19099.1181	-9.772690	-7.429089	-4.803215	-2.198149	0.166261	-27.428421	4.482475
19209.4708	-9.790204	-7.446679	-4.820888	-2.215906	0.148427	-27.446094	4.464802
19320.4610	-9.807727	-7.464273	-4.838562	-2.233659	0.130603	-27.463768	4.447128
19432.0926	-9.824856	-7.481509	-4.855918	-2.251134	0.113020	-27.481124	4.429772
19544.3691	-9.841787	-7.498581	-4.873149	-2.268521	0.095490	-27.498355	4.412541
19657.2943	-9.858823	-7.515755	-4.890477	-2.286004	0.077868	-27.515683	4.395213
19770.8721	-9.876247	-7.533309	-4.908177	-2.303847	0.059894	-27.533383	4.377513
19885.1060	-9.893712	-7.550884	-4.925876	-2.321669	0.041960	-27.551082	4.359814
20000.0000	-9.898769	-7.556031	-4.931123	-2.327016	0.036523	-27.556329	4.354567
